! version = 0.11.1
! unit = m
! diameter = False

# Internal geometry of the Besson trumpet E0925 from the "Musée de la Musique - Philharmonie de Paris"
# obtained from tomography, performed by Elsa Lambert for C2RMF lab. 
# More information on this instrument is available here:
# https://inria.hal.science/hal-04352706

#        x	         r
   0.00000	   0.00952
   0.00003	   0.00950
   0.00007	   0.00948
   0.00010	   0.00945
   0.00013	   0.00943
   0.00017	   0.00940
   0.00020	   0.00938
   0.00024	   0.00937
   0.00027	   0.00937
   0.00030	   0.00934
   0.00034	   0.00933
   0.00037	   0.00932
   0.00040	   0.00930
   0.00044	   0.00928
   0.00047	   0.00927
   0.00051	   0.00926
   0.00054	   0.00924
   0.00057	   0.00924
   0.00061	   0.00923
   0.00064	   0.00923
   0.00067	   0.00922
   0.00071	   0.00921
   0.00074	   0.00920
   0.00078	   0.00919
   0.00081	   0.00917
   0.00084	   0.00916
   0.00088	   0.00914
   0.00091	   0.00913
   0.00094	   0.00913
   0.00098	   0.00912
   0.00101	   0.00910
   0.00104	   0.00908
   0.00108	   0.00907
   0.00111	   0.00906
   0.00115	   0.00904
   0.00118	   0.00903
   0.00121	   0.00902
   0.00125	   0.00900
   0.00128	   0.00899
   0.00131	   0.00898
   0.00135	   0.00897
   0.00138	   0.00894
   0.00142	   0.00893
   0.00145	   0.00892
   0.00148	   0.00891
   0.00152	   0.00890
   0.00155	   0.00889
   0.00158	   0.00888
   0.00162	   0.00887
   0.00165	   0.00883
   0.00169	   0.00882
   0.00172	   0.00879
   0.00175	   0.00878
   0.00179	   0.00877
   0.00182	   0.00875
   0.00185	   0.00875
   0.00189	   0.00874
   0.00192	   0.00873
   0.00195	   0.00870
   0.00199	   0.00869
   0.00202	   0.00868
   0.00206	   0.00865
   0.00209	   0.00863
   0.00212	   0.00861
   0.00216	   0.00859
   0.00219	   0.00858
   0.00222	   0.00857
   0.00226	   0.00857
   0.00229	   0.00856
   0.00233	   0.00853
   0.00236	   0.00852
   0.00239	   0.00850
   0.00243	   0.00847
   0.00246	   0.00845
   0.00249	   0.00844
   0.00253	   0.00843
   0.00256	   0.00842
   0.00260	   0.00841
   0.00263	   0.00839
   0.00266	   0.00838
   0.00270	   0.00837
   0.00273	   0.00835
   0.00276	   0.00834
   0.00280	   0.00831
   0.00283	   0.00831
   0.00286	   0.00829
   0.00290	   0.00825
   0.00293	   0.00823
   0.00297	   0.00822
   0.00300	   0.00820
   0.00303	   0.00819
   0.00307	   0.00816
   0.00310	   0.00815
   0.00313	   0.00813
   0.00317	   0.00810
   0.00320	   0.00806
   0.00324	   0.00806
   0.00327	   0.00805
   0.00330	   0.00804
   0.00334	   0.00802
   0.00337	   0.00800
   0.00340	   0.00799
   0.00344	   0.00796
   0.00347	   0.00795
   0.00351	   0.00792
   0.00354	   0.00790
   0.00357	   0.00787
   0.00361	   0.00784
   0.00364	   0.00783
   0.00367	   0.00783
   0.00371	   0.00782
   0.00374	   0.00779
   0.00377	   0.00778
   0.00381	   0.00776
   0.00384	   0.00773
   0.00388	   0.00769
   0.00391	   0.00765
   0.00394	   0.00762
   0.00398	   0.00762
   0.00401	   0.00760
   0.00404	   0.00756
   0.00408	   0.00750
   0.00411	   0.00748
   0.00415	   0.00748
   0.00418	   0.00745
   0.00421	   0.00744
   0.00425	   0.00741
   0.00428	   0.00739
   0.00431	   0.00736
   0.00435	   0.00734
   0.00438	   0.00732
   0.00442	   0.00730
   0.00445	   0.00728
   0.00448	   0.00724
   0.00452	   0.00722
   0.00455	   0.00721
   0.00458	   0.00717
   0.00462	   0.00714
   0.00465	   0.00711
   0.00468	   0.00708
   0.00472	   0.00705
   0.00475	   0.00702
   0.00479	   0.00699
   0.00482	   0.00696
   0.00485	   0.00694
   0.00489	   0.00692
   0.00492	   0.00690
   0.00495	   0.00686
   0.00499	   0.00683
   0.00502	   0.00679
   0.00506	   0.00678
   0.00509	   0.00674
   0.00512	   0.00671
   0.00516	   0.00669
   0.00519	   0.00666
   0.00522	   0.00661
   0.00526	   0.00656
   0.00529	   0.00651
   0.00533	   0.00647
   0.00536	   0.00644
   0.00539	   0.00643
   0.00543	   0.00637
   0.00546	   0.00635
   0.00549	   0.00631
   0.00553	   0.00628
   0.00556	   0.00625
   0.00559	   0.00624
   0.00563	   0.00621
   0.00566	   0.00618
   0.00570	   0.00614
   0.00573	   0.00609
   0.00576	   0.00602
   0.00580	   0.00597
   0.00583	   0.00592
   0.00586	   0.00587
   0.00590	   0.00583
   0.00593	   0.00581
   0.00597	   0.00577
   0.00600	   0.00574
   0.00603	   0.00570
   0.00607	   0.00562
   0.00610	   0.00562
   0.00613	   0.00557
   0.00617	   0.00553
   0.00620	   0.00549
   0.00624	   0.00544
   0.00627	   0.00540
   0.00630	   0.00537
   0.00634	   0.00535
   0.00637	   0.00528
   0.00640	   0.00521
   0.00644	   0.00515
   0.00647	   0.00510
   0.00650	   0.00504
   0.00654	   0.00500
   0.00657	   0.00495
   0.00661	   0.00492
   0.00664	   0.00485
   0.00667	   0.00482
   0.00671	   0.00476
   0.00674	   0.00473
   0.00677	   0.00467
   0.00681	   0.00462
   0.00684	   0.00457
   0.00688	   0.00454
   0.00691	   0.00445
   0.00694	   0.00439
   0.00698	   0.00432
   0.00701	   0.00428
   0.00704	   0.00420
   0.00708	   0.00415
   0.00711	   0.00410
   0.00715	   0.00407
   0.00718	   0.00402
   0.00721	   0.00394
   0.00725	   0.00390
   0.00728	   0.00385
   0.00731	   0.00378
   0.00735	   0.00373
   0.00738	   0.00364
   0.00741	   0.00356
   0.00745	   0.00351
   0.00748	   0.00347
   0.00752	   0.00340
   0.00755	   0.00338
   0.00758	   0.00335
   0.00762	   0.00333
   0.00765	   0.00331
   0.00768	   0.00327
   0.00772	   0.00325
   0.00775	   0.00325
   0.00779	   0.00323
   0.00782	   0.00322
   0.00785	   0.00322
   0.00789	   0.00320
   0.00792	   0.00318
   0.00795	   0.00318
   0.00799	   0.00317
   0.00802	   0.00315
   0.00806	   0.00315
   0.00809	   0.00313
   0.00812	   0.00312
   0.00816	   0.00310
   0.00819	   0.00309
   0.00822	   0.00305
   0.00826	   0.00304
   0.00829	   0.00303
   0.00832	   0.00303
   0.00836	   0.00302
   0.00839	   0.00302
   0.00843	   0.00302
   0.00846	   0.00301
   0.00849	   0.00301
   0.00853	   0.00302
   0.00856	   0.00301
   0.00859	   0.00299
   0.00863	   0.00299
   0.00866	   0.00296
   0.00870	   0.00295
   0.00873	   0.00293
   0.00876	   0.00290
   0.00880	   0.00294
   0.00883	   0.00292
   0.00886	   0.00292
   0.00890	   0.00291
   0.00893	   0.00291
   0.00897	   0.00290
   0.00900	   0.00289
   0.00903	   0.00288
   0.00907	   0.00287
   0.00910	   0.00285
   0.00913	   0.00285
   0.00917	   0.00284
   0.00920	   0.00284
   0.00923	   0.00282
   0.00927	   0.00281
   0.00930	   0.00280
   0.00934	   0.00279
   0.00937	   0.00278
   0.00940	   0.00276
   0.00944	   0.00276
   0.00947	   0.00276
   0.00950	   0.00275
   0.00954	   0.00274
   0.00957	   0.00273
   0.00961	   0.00273
   0.00964	   0.00270
   0.00967	   0.00269
   0.00971	   0.00268
   0.00974	   0.00267
   0.00977	   0.00267
   0.00981	   0.00267
   0.00984	   0.00264
   0.00988	   0.00264
   0.00991	   0.00263
   0.00994	   0.00262
   0.00998	   0.00260
   0.01001	   0.00259
   0.01004	   0.00259
   0.01008	   0.00258
   0.01011	   0.00257
   0.01014	   0.00255
   0.01018	   0.00254
   0.01021	   0.00253
   0.01025	   0.00253
   0.01028	   0.00252
   0.01031	   0.00252
   0.01035	   0.00250
   0.01038	   0.00249
   0.01042	   0.00248
   0.01045	   0.00247
   0.01048	   0.00246
   0.01052	   0.00246
   0.01055	   0.00247
   0.01058	   0.00245
   0.01062	   0.00245
   0.01065	   0.00245
   0.01068	   0.00245
   0.01072	   0.00244
   0.01075	   0.00245
   0.01078	   0.00244
   0.01082	   0.00244
   0.01085	   0.00242
   0.01089	   0.00239
   0.01092	   0.00241
   0.01095	   0.00244
   0.01099	   0.00244
   0.01102	   0.00244
   0.01106	   0.00244
   0.01109	   0.00244
   0.01112	   0.00244
   0.01116	   0.00244
   0.01119	   0.00244
   0.01122	   0.00244
   0.01126	   0.00244
   0.01129	   0.00244
   0.01132	   0.00244
   0.01136	   0.00244
   0.01139	   0.00244
   0.01143	   0.00243
   0.01146	   0.00243
   0.01149	   0.00243
   0.01153	   0.00243
   0.01156	   0.00243
   0.01159	   0.00244
   0.01163	   0.00244
   0.01166	   0.00244
   0.01170	   0.00244
   0.01173	   0.00244
   0.01176	   0.00244
   0.01180	   0.00244
   0.01183	   0.00244
   0.01186	   0.00244
   0.01190	   0.00244
   0.01193	   0.00243
   0.01196	   0.00242
   0.01200	   0.00243
   0.01203	   0.00243
   0.01207	   0.00242
   0.01210	   0.00241
   0.01213	   0.00242
   0.01217	   0.00243
   0.01220	   0.00243
   0.01223	   0.00243
   0.01227	   0.00243
   0.01230	   0.00243
   0.01234	   0.00243
   0.01237	   0.00244
   0.01240	   0.00243
   0.01244	   0.00243
   0.01247	   0.00244
   0.01250	   0.00244
   0.01254	   0.00244
   0.01257	   0.00244
   0.01260	   0.00245
   0.01264	   0.00245
   0.01267	   0.00245
   0.01271	   0.00244
   0.01274	   0.00244
   0.01277	   0.00245
   0.01281	   0.00245
   0.01284	   0.00245
   0.01287	   0.00244
   0.01291	   0.00244
   0.01294	   0.00244
   0.01298	   0.00245
   0.01301	   0.00244
   0.01304	   0.00244
   0.01308	   0.00244
   0.01311	   0.00243
   0.01315	   0.00243
   0.01318	   0.00244
   0.01321	   0.00243
   0.01325	   0.00242
   0.01328	   0.00243
   0.01331	   0.00243
   0.01335	   0.00244
   0.01338	   0.00243
   0.01341	   0.00243
   0.01345	   0.00243
   0.01348	   0.00244
   0.01351	   0.00244
   0.01355	   0.00244
   0.01358	   0.00244
   0.01362	   0.00244
   0.01365	   0.00244
   0.01368	   0.00244
   0.01372	   0.00244
   0.01375	   0.00244
   0.01379	   0.00244
   0.01382	   0.00244
   0.01385	   0.00244
   0.01389	   0.00243
   0.01392	   0.00243
   0.01395	   0.00244
   0.01399	   0.00243
   0.01402	   0.00243
   0.01405	   0.00243
   0.01409	   0.00244
   0.01412	   0.00244
   0.01416	   0.00244
   0.01419	   0.00244
   0.01422	   0.00244
   0.01426	   0.00244
   0.01429	   0.00244
   0.01432	   0.00244
   0.01436	   0.00244
   0.01439	   0.00244
   0.01443	   0.00244
   0.01446	   0.00244
   0.01449	   0.00244
   0.01453	   0.00244
   0.01456	   0.00245
   0.01459	   0.00244
   0.01463	   0.00245
   0.01466	   0.00245
   0.01469	   0.00246
   0.01473	   0.00246
   0.01476	   0.00245
   0.01480	   0.00246
   0.01483	   0.00246
   0.01486	   0.00246
   0.01490	   0.00245
   0.01493	   0.00246
   0.01496	   0.00246
   0.01500	   0.00246
   0.01503	   0.00246
   0.01507	   0.00246
   0.01510	   0.00246
   0.01513	   0.00246
   0.01517	   0.00246
   0.01520	   0.00247
   0.01523	   0.00247
   0.01527	   0.00246
   0.01530	   0.00246
   0.01533	   0.00246
   0.01537	   0.00246
   0.01540	   0.00246
   0.01544	   0.00247
   0.01547	   0.00246
   0.01550	   0.00247
   0.01554	   0.00247
   0.01557	   0.00247
   0.01561	   0.00247
   0.01564	   0.00247
   0.01567	   0.00247
   0.01571	   0.00247
   0.01574	   0.00248
   0.01577	   0.00248
   0.01581	   0.00248
   0.01584	   0.00248
   0.01588	   0.00248
   0.01591	   0.00247
   0.01594	   0.00246
   0.01598	   0.00247
   0.01601	   0.00249
   0.01604	   0.00249
   0.01608	   0.00249
   0.01611	   0.00249
   0.01614	   0.00249
   0.01618	   0.00248
   0.01621	   0.00248
   0.01624	   0.00248
   0.01628	   0.00248
   0.01631	   0.00249
   0.01635	   0.00249
   0.01638	   0.00249
   0.01641	   0.00250
   0.01645	   0.00250
   0.01648	   0.00249
   0.01651	   0.00249
   0.01655	   0.00250
   0.01658	   0.00250
   0.01662	   0.00250
   0.01665	   0.00251
   0.01668	   0.00251
   0.01672	   0.00251
   0.01675	   0.00251
   0.01679	   0.00250
   0.01682	   0.00250
   0.01685	   0.00251
   0.01689	   0.00251
   0.01692	   0.00251
   0.01695	   0.00250
   0.01699	   0.00251
   0.01702	   0.00251
   0.01705	   0.00251
   0.01709	   0.00251
   0.01712	   0.00250
   0.01716	   0.00250
   0.01719	   0.00250
   0.01722	   0.00251
   0.01726	   0.00252
   0.01729	   0.00252
   0.01732	   0.00251
   0.01736	   0.00251
   0.01739	   0.00251
   0.01742	   0.00251
   0.01746	   0.00251
   0.01749	   0.00251
   0.01753	   0.00250
   0.01756	   0.00251
   0.01759	   0.00251
   0.01763	   0.00250
   0.01766	   0.00250
   0.01769	   0.00250
   0.01773	   0.00249
   0.01776	   0.00249
   0.01780	   0.00249
   0.01783	   0.00249
   0.01786	   0.00249
   0.01790	   0.00249
   0.01793	   0.00249
   0.01796	   0.00248
   0.01800	   0.00248
   0.01803	   0.00249
   0.01807	   0.00249
   0.01810	   0.00249
   0.01813	   0.00248
   0.01817	   0.00248
   0.01820	   0.00248
   0.01823	   0.00248
   0.01827	   0.00247
   0.01830	   0.00247
   0.01834	   0.00248
   0.01837	   0.00248
   0.01840	   0.00248
   0.01844	   0.00248
   0.01847	   0.00248
   0.01850	   0.00248
   0.01854	   0.00249
   0.01857	   0.00248
   0.01861	   0.00248
   0.01864	   0.00247
   0.01867	   0.00246
   0.01871	   0.00247
   0.01874	   0.00247
   0.01877	   0.00249
   0.01881	   0.00248
   0.01884	   0.00247
   0.01887	   0.00247
   0.01891	   0.00247
   0.01894	   0.00247
   0.01897	   0.00247
   0.01901	   0.00247
   0.01904	   0.00247
   0.01908	   0.00247
   0.01911	   0.00247
   0.01914	   0.00247
   0.01918	   0.00247
   0.01921	   0.00247
   0.01925	   0.00247
   0.01928	   0.00247
   0.01931	   0.00247
   0.01935	   0.00247
   0.01938	   0.00247
   0.01941	   0.00247
   0.01945	   0.00247
   0.01948	   0.00247
   0.01952	   0.00247
   0.01955	   0.00247
   0.01958	   0.00247
   0.01962	   0.00247
   0.01965	   0.00247
   0.01968	   0.00247
   0.01972	   0.00247
   0.01975	   0.00247
   0.01978	   0.00247
   0.01982	   0.00247
   0.01985	   0.00247
   0.01988	   0.00248
   0.01992	   0.00247
   0.01995	   0.00247
   0.01999	   0.00247
   0.02002	   0.00247
   0.02005	   0.00246
   0.02009	   0.00246
   0.02012	   0.00248
   0.02015	   0.00248
   0.02019	   0.00247
   0.02022	   0.00247
   0.02026	   0.00248
   0.02029	   0.00247
   0.02032	   0.00246
   0.02036	   0.00246
   0.02039	   0.00247
   0.02042	   0.00245
   0.02046	   0.00245
   0.02049	   0.00246
   0.02053	   0.00246
   0.02056	   0.00247
   0.02059	   0.00247
   0.02063	   0.00248
   0.02066	   0.00247
   0.02069	   0.00246
   0.02073	   0.00247
   0.02076	   0.00246
   0.02080	   0.00247
   0.02083	   0.00246
   0.02086	   0.00247
   0.02090	   0.00247
   0.02093	   0.00247
   0.02096	   0.00248
   0.02100	   0.00247
   0.02103	   0.00247
   0.02107	   0.00247
   0.02110	   0.00248
   0.02113	   0.00248
   0.02117	   0.00247
   0.02120	   0.00247
   0.02123	   0.00248
   0.02127	   0.00248
   0.02130	   0.00248
   0.02133	   0.00247
   0.02137	   0.00248
   0.02140	   0.00248
   0.02144	   0.00248
   0.02147	   0.00248
   0.02150	   0.00248
   0.02154	   0.00247
   0.02157	   0.00248
   0.02160	   0.00248
   0.02164	   0.00248
   0.02167	   0.00248
   0.02170	   0.00247
   0.02174	   0.00248
   0.02177	   0.00248
   0.02181	   0.00248
   0.02184	   0.00248
   0.02187	   0.00248
   0.02191	   0.00248
   0.02194	   0.00248
   0.02198	   0.00248
   0.02201	   0.00248
   0.02204	   0.00248
   0.02208	   0.00248
   0.02211	   0.00248
   0.02214	   0.00248
   0.02218	   0.00248
   0.02221	   0.00248
   0.02225	   0.00248
   0.02228	   0.00248
   0.02231	   0.00248
   0.02235	   0.00249
   0.02238	   0.00249
   0.02241	   0.00249
   0.02245	   0.00249
   0.02248	   0.00248
   0.02251	   0.00248
   0.02255	   0.00248
   0.02258	   0.00248
   0.02261	   0.00249
   0.02265	   0.00249
   0.02268	   0.00248
   0.02272	   0.00248
   0.02275	   0.00248
   0.02278	   0.00248
   0.02282	   0.00248
   0.02285	   0.00248
   0.02288	   0.00248
   0.02292	   0.00248
   0.02295	   0.00248
   0.02299	   0.00247
   0.02302	   0.00248
   0.02305	   0.00248
   0.02309	   0.00248
   0.02312	   0.00248
   0.02315	   0.00249
   0.02319	   0.00248
   0.02322	   0.00248
   0.02326	   0.00249
   0.02329	   0.00249
   0.02332	   0.00249
   0.02336	   0.00249
   0.02339	   0.00249
   0.02342	   0.00249
   0.02346	   0.00248
   0.02349	   0.00248
   0.02353	   0.00248
   0.02356	   0.00248
   0.02359	   0.00248
   0.02363	   0.00248
   0.02366	   0.00249
   0.02369	   0.00249
   0.02373	   0.00249
   0.02376	   0.00250
   0.02380	   0.00250
   0.02383	   0.00249
   0.02386	   0.00249
   0.02390	   0.00249
   0.02393	   0.00249
   0.02396	   0.00249
   0.02400	   0.00250
   0.02403	   0.00251
   0.02406	   0.00250
   0.02410	   0.00250
   0.02413	   0.00250
   0.02417	   0.00250
   0.02420	   0.00250
   0.02423	   0.00250
   0.02427	   0.00250
   0.02430	   0.00251
   0.02433	   0.00251
   0.02437	   0.00250
   0.02440	   0.00251
   0.02443	   0.00251
   0.02447	   0.00251
   0.02450	   0.00251
   0.02454	   0.00251
   0.02457	   0.00251
   0.02460	   0.00251
   0.02464	   0.00251
   0.02467	   0.00252
   0.02471	   0.00252
   0.02474	   0.00252
   0.02477	   0.00252
   0.02481	   0.00252
   0.02484	   0.00252
   0.02487	   0.00251
   0.02491	   0.00252
   0.02494	   0.00253
   0.02498	   0.00252
   0.02501	   0.00252
   0.02504	   0.00253
   0.02508	   0.00253
   0.02511	   0.00254
   0.02514	   0.00254
   0.02518	   0.00254
   0.02521	   0.00254
   0.02524	   0.00254
   0.02528	   0.00254
   0.02531	   0.00254
   0.02534	   0.00255
   0.02538	   0.00255
   0.02541	   0.00254
   0.02545	   0.00254
   0.02548	   0.00255
   0.02551	   0.00255
   0.02555	   0.00254
   0.02558	   0.00254
   0.02561	   0.00253
   0.02565	   0.00253
   0.02568	   0.00255
   0.02572	   0.00255
   0.02575	   0.00254
   0.02578	   0.00255
   0.02582	   0.00255
   0.02585	   0.00255
   0.02588	   0.00255
   0.02592	   0.00255
   0.02595	   0.00256
   0.02599	   0.00256
   0.02602	   0.00256
   0.02605	   0.00256
   0.02609	   0.00256
   0.02612	   0.00257
   0.02615	   0.00257
   0.02619	   0.00257
   0.02622	   0.00257
   0.02626	   0.00257
   0.02629	   0.00257
   0.02632	   0.00257
   0.02636	   0.00257
   0.02639	   0.00257
   0.02642	   0.00258
   0.02646	   0.00258
   0.02649	   0.00258
   0.02652	   0.00258
   0.02656	   0.00258
   0.02659	   0.00258
   0.02663	   0.00257
   0.02666	   0.00258
   0.02669	   0.00257
   0.02673	   0.00257
   0.02676	   0.00258
   0.02679	   0.00258
   0.02683	   0.00258
   0.02686	   0.00258
   0.02690	   0.00259
   0.02693	   0.00259
   0.02696	   0.00258
   0.02700	   0.00257
   0.02703	   0.00258
   0.02706	   0.00258
   0.02710	   0.00258
   0.02713	   0.00258
   0.02717	   0.00258
   0.02720	   0.00258
   0.02723	   0.00258
   0.02727	   0.00259
   0.02730	   0.00259
   0.02733	   0.00258
   0.02737	   0.00259
   0.02740	   0.00259
   0.02744	   0.00259
   0.02747	   0.00259
   0.02750	   0.00258
   0.02754	   0.00258
   0.02757	   0.00258
   0.02760	   0.00260
   0.02764	   0.00260
   0.02767	   0.00260
   0.02771	   0.00260
   0.02774	   0.00260
   0.02777	   0.00261
   0.02781	   0.00261
   0.02784	   0.00261
   0.02787	   0.00261
   0.02791	   0.00261
   0.02794	   0.00261
   0.02797	   0.00262
   0.02801	   0.00262
   0.02804	   0.00260
   0.02807	   0.00261
   0.02811	   0.00262
   0.02814	   0.00260
   0.02818	   0.00261
   0.02821	   0.00262
   0.02824	   0.00262
   0.02828	   0.00262
   0.02831	   0.00262
   0.02834	   0.00262
   0.02838	   0.00262
   0.02841	   0.00262
   0.02845	   0.00261
   0.02848	   0.00262
   0.02851	   0.00262
   0.02855	   0.00262
   0.02858	   0.00263
   0.02862	   0.00264
   0.02865	   0.00265
   0.02868	   0.00265
   0.02872	   0.00264
   0.02875	   0.00264
   0.02878	   0.00265
   0.02882	   0.00265
   0.02885	   0.00265
   0.02888	   0.00265
   0.02892	   0.00265
   0.02895	   0.00265
   0.02899	   0.00265
   0.02902	   0.00265
   0.02905	   0.00265
   0.02909	   0.00265
   0.02912	   0.00264
   0.02915	   0.00264
   0.02919	   0.00264
   0.02922	   0.00264
   0.02925	   0.00265
   0.02929	   0.00266
   0.02932	   0.00266
   0.02936	   0.00266
   0.02939	   0.00266
   0.02942	   0.00265
   0.02946	   0.00265
   0.02949	   0.00265
   0.02952	   0.00266
   0.02956	   0.00266
   0.02959	   0.00265
   0.02963	   0.00266
   0.02966	   0.00267
   0.02969	   0.00266
   0.02973	   0.00267
   0.02976	   0.00267
   0.02979	   0.00266
   0.02983	   0.00266
   0.02986	   0.00267
   0.02990	   0.00268
   0.02993	   0.00267
   0.02996	   0.00267
   0.03000	   0.00268
   0.03003	   0.00269
   0.03006	   0.00269
   0.03010	   0.00269
   0.03013	   0.00268
   0.03017	   0.00268
   0.03020	   0.00267
   0.03023	   0.00266
   0.03027	   0.00267
   0.03030	   0.00267
   0.03033	   0.00269
   0.03037	   0.00270
   0.03040	   0.00269
   0.03044	   0.00269
   0.03047	   0.00269
   0.03050	   0.00269
   0.03054	   0.00269
   0.03057	   0.00269
   0.03060	   0.00269
   0.03064	   0.00269
   0.03067	   0.00270
   0.03070	   0.00270
   0.03074	   0.00271
   0.03077	   0.00271
   0.03081	   0.00271
   0.03084	   0.00271
   0.03087	   0.00271
   0.03091	   0.00271
   0.03094	   0.00271
   0.03097	   0.00271
   0.03101	   0.00272
   0.03104	   0.00272
   0.03107	   0.00273
   0.03111	   0.00272
   0.03114	   0.00272
   0.03118	   0.00272
   0.03121	   0.00273
   0.03124	   0.00273
   0.03128	   0.00273
   0.03131	   0.00273
   0.03134	   0.00273
   0.03138	   0.00273
   0.03141	   0.00273
   0.03145	   0.00274
   0.03148	   0.00274
   0.03151	   0.00275
   0.03155	   0.00274
   0.03158	   0.00275
   0.03161	   0.00274
   0.03165	   0.00274
   0.03168	   0.00274
   0.03172	   0.00275
   0.03175	   0.00275
   0.03178	   0.00275
   0.03182	   0.00275
   0.03185	   0.00275
   0.03188	   0.00275
   0.03192	   0.00275
   0.03195	   0.00275
   0.03198	   0.00276
   0.03202	   0.00276
   0.03205	   0.00276
   0.03209	   0.00276
   0.03212	   0.00276
   0.03215	   0.00276
   0.03219	   0.00276
   0.03222	   0.00276
   0.03225	   0.00276
   0.03229	   0.00276
   0.03232	   0.00277
   0.03236	   0.00276
   0.03239	   0.00276
   0.03242	   0.00277
   0.03246	   0.00278
   0.03249	   0.00278
   0.03252	   0.00277
   0.03256	   0.00278
   0.03259	   0.00279
   0.03263	   0.00279
   0.03266	   0.00279
   0.03269	   0.00279
   0.03273	   0.00279
   0.03276	   0.00280
   0.03279	   0.00279
   0.03283	   0.00280
   0.03286	   0.00280
   0.03290	   0.00280
   0.03293	   0.00280
   0.03296	   0.00280
   0.03300	   0.00280
   0.03303	   0.00279
   0.03306	   0.00279
   0.03310	   0.00280
   0.03313	   0.00279
   0.03317	   0.00280
   0.03320	   0.00279
   0.03323	   0.00280
   0.03327	   0.00281
   0.03330	   0.00281
   0.03333	   0.00282
   0.03337	   0.00282
   0.03340	   0.00282
   0.03343	   0.00281
   0.03347	   0.00281
   0.03350	   0.00281
   0.03354	   0.00281
   0.03357	   0.00281
   0.03360	   0.00281
   0.03364	   0.00282
   0.03367	   0.00282
   0.03370	   0.00282
   0.03374	   0.00282
   0.03377	   0.00282
   0.03381	   0.00282
   0.03384	   0.00283
   0.03387	   0.00282
   0.03391	   0.00282
   0.03394	   0.00282
   0.03397	   0.00282
   0.03401	   0.00282
   0.03404	   0.00283
   0.03408	   0.00283
   0.03411	   0.00283
   0.03414	   0.00282
   0.03418	   0.00283
   0.03421	   0.00284
   0.03424	   0.00284
   0.03428	   0.00284
   0.03431	   0.00284
   0.03434	   0.00284
   0.03438	   0.00283
   0.03441	   0.00284
   0.03445	   0.00285
   0.03448	   0.00284
   0.03451	   0.00285
   0.03455	   0.00285
   0.03458	   0.00285
   0.03461	   0.00285
   0.03465	   0.00285
   0.03468	   0.00286
   0.03472	   0.00286
   0.03475	   0.00285
   0.03478	   0.00285
   0.03482	   0.00285
   0.03485	   0.00285
   0.03488	   0.00287
   0.03492	   0.00287
   0.03495	   0.00286
   0.03499	   0.00286
   0.03502	   0.00286
   0.03505	   0.00286
   0.03509	   0.00287
   0.03512	   0.00288
   0.03515	   0.00289
   0.03519	   0.00290
   0.03522	   0.00291
   0.03525	   0.00291
   0.03529	   0.00292
   0.03532	   0.00291
   0.03536	   0.00291
   0.03539	   0.00291
   0.03542	   0.00291
   0.03546	   0.00291
   0.03549	   0.00291
   0.03552	   0.00290
   0.03556	   0.00292
   0.03559	   0.00292
   0.03562	   0.00292
   0.03566	   0.00292
   0.03569	   0.00292
   0.03573	   0.00292
   0.03576	   0.00293
   0.03579	   0.00293
   0.03583	   0.00293
   0.03586	   0.00294
   0.03590	   0.00294
   0.03593	   0.00294
   0.03596	   0.00294
   0.03600	   0.00295
   0.03603	   0.00296
   0.03606	   0.00296
   0.03610	   0.00296
   0.03613	   0.00295
   0.03616	   0.00295
   0.03620	   0.00296
   0.03623	   0.00295
   0.03627	   0.00294
   0.03630	   0.00293
   0.03633	   0.00294
   0.03637	   0.00293
   0.03640	   0.00294
   0.03643	   0.00295
   0.03647	   0.00296
   0.03650	   0.00296
   0.03653	   0.00298
   0.03657	   0.00298
   0.03660	   0.00298
   0.03664	   0.00298
   0.03667	   0.00298
   0.03670	   0.00300
   0.03674	   0.00300
   0.03677	   0.00299
   0.03680	   0.00299
   0.03684	   0.00300
   0.03687	   0.00299
   0.03691	   0.00298
   0.03694	   0.00299
   0.03697	   0.00298
   0.03701	   0.00298
   0.03704	   0.00299
   0.03707	   0.00299
   0.03711	   0.00300
   0.03714	   0.00301
   0.03718	   0.00301
   0.03721	   0.00301
   0.03724	   0.00300
   0.03728	   0.00300
   0.03731	   0.00300
   0.03734	   0.00301
   0.03738	   0.00301
   0.03741	   0.00302
   0.03744	   0.00302
   0.03748	   0.00302
   0.03751	   0.00302
   0.03755	   0.00303
   0.03758	   0.00303
   0.03761	   0.00303
   0.03765	   0.00302
   0.03768	   0.00303
   0.03771	   0.00304
   0.03775	   0.00305
   0.03778	   0.00304
   0.03782	   0.00305
   0.03785	   0.00306
   0.03788	   0.00306
   0.03792	   0.00306
   0.03795	   0.00307
   0.03798	   0.00307
   0.03802	   0.00307
   0.03805	   0.00306
   0.03809	   0.00308
   0.03812	   0.00308
   0.03815	   0.00308
   0.03819	   0.00308
   0.03822	   0.00308
   0.03825	   0.00308
   0.03829	   0.00308
   0.03832	   0.00308
   0.03836	   0.00308
   0.03839	   0.00309
   0.03842	   0.00310
   0.03846	   0.00311
   0.03849	   0.00311
   0.03852	   0.00310
   0.03856	   0.00310
   0.03859	   0.00309
   0.03862	   0.00308
   0.03866	   0.00308
   0.03869	   0.00308
   0.03873	   0.00308
   0.03876	   0.00309
   0.03879	   0.00310
   0.03883	   0.00309
   0.03886	   0.00310
   0.03889	   0.00311
   0.03893	   0.00310
   0.03896	   0.00310
   0.03900	   0.00310
   0.03903	   0.00311
   0.03906	   0.00310
   0.03910	   0.00310
   0.03913	   0.00309
   0.03916	   0.00309
   0.03920	   0.00310
   0.03923	   0.00312
   0.03927	   0.00312
   0.03930	   0.00313
   0.03933	   0.00313
   0.03937	   0.00313
   0.03940	   0.00313
   0.03943	   0.00313
   0.03947	   0.00312
   0.03950	   0.00312
   0.03954	   0.00313
   0.03957	   0.00313
   0.03960	   0.00313
   0.03964	   0.00314
   0.03967	   0.00315
   0.03970	   0.00316
   0.03974	   0.00316
   0.03977	   0.00316
   0.03981	   0.00316
   0.03984	   0.00315
   0.03987	   0.00315
   0.03991	   0.00315
   0.03994	   0.00315
   0.03997	   0.00315
   0.04001	   0.00316
   0.04004	   0.00317
   0.04007	   0.00316
   0.04011	   0.00316
   0.04014	   0.00316
   0.04018	   0.00317
   0.04021	   0.00316
   0.04024	   0.00316
   0.04028	   0.00316
   0.04031	   0.00317
   0.04034	   0.00317
   0.04038	   0.00317
   0.04041	   0.00317
   0.04045	   0.00317
   0.04048	   0.00317
   0.04051	   0.00318
   0.04055	   0.00318
   0.04058	   0.00319
   0.04061	   0.00319
   0.04065	   0.00320
   0.04068	   0.00320
   0.04072	   0.00319
   0.04075	   0.00318
   0.04078	   0.00319
   0.04082	   0.00320
   0.04085	   0.00319
   0.04088	   0.00319
   0.04092	   0.00320
   0.04095	   0.00320
   0.04098	   0.00320
   0.04102	   0.00320
   0.04105	   0.00320
   0.04109	   0.00320
   0.04112	   0.00320
   0.04115	   0.00320
   0.04119	   0.00320
   0.04122	   0.00320
   0.04125	   0.00322
   0.04129	   0.00320
   0.04132	   0.00321
   0.04136	   0.00321
   0.04139	   0.00321
   0.04142	   0.00321
   0.04146	   0.00322
   0.04149	   0.00321
   0.04152	   0.00323
   0.04156	   0.00322
   0.04159	   0.00321
   0.04163	   0.00321
   0.04166	   0.00321
   0.04169	   0.00321
   0.04173	   0.00322
   0.04176	   0.00322
   0.04179	   0.00322
   0.04183	   0.00322
   0.04186	   0.00324
   0.04189	   0.00324
   0.04193	   0.00324
   0.04196	   0.00324
   0.04199	   0.00323
   0.04203	   0.00323
   0.04206	   0.00323
   0.04210	   0.00323
   0.04213	   0.00323
   0.04216	   0.00323
   0.04220	   0.00323
   0.04223	   0.00323
   0.04226	   0.00323
   0.04230	   0.00323
   0.04233	   0.00324
   0.04237	   0.00325
   0.04240	   0.00326
   0.04243	   0.00325
   0.04247	   0.00325
   0.04250	   0.00325
   0.04254	   0.00325
   0.04257	   0.00324
   0.04260	   0.00325
   0.04264	   0.00325
   0.04267	   0.00326
   0.04270	   0.00326
   0.04274	   0.00325
   0.04277	   0.00326
   0.04280	   0.00326
   0.04284	   0.00326
   0.04287	   0.00327
   0.04290	   0.00327
   0.04294	   0.00328
   0.04297	   0.00327
   0.04301	   0.00327
   0.04304	   0.00327
   0.04307	   0.00328
   0.04311	   0.00329
   0.04314	   0.00328
   0.04317	   0.00328
   0.04321	   0.00328
   0.04324	   0.00328
   0.04328	   0.00328
   0.04331	   0.00328
   0.04334	   0.00328
   0.04338	   0.00328
   0.04341	   0.00328
   0.04344	   0.00328
   0.04348	   0.00328
   0.04351	   0.00328
   0.04355	   0.00328
   0.04358	   0.00328
   0.04361	   0.00329
   0.04365	   0.00330
   0.04368	   0.00330
   0.04371	   0.00330
   0.04375	   0.00330
   0.04378	   0.00330
   0.04381	   0.00330
   0.04385	   0.00330
   0.04388	   0.00330
   0.04392	   0.00330
   0.04395	   0.00329
   0.04398	   0.00330
   0.04402	   0.00331
   0.04405	   0.00332
   0.04408	   0.00332
   0.04412	   0.00332
   0.04415	   0.00332
   0.04419	   0.00332
   0.04422	   0.00332
   0.04425	   0.00331
   0.04429	   0.00332
   0.04432	   0.00333
   0.04435	   0.00332
   0.04439	   0.00334
   0.04442	   0.00333
   0.04446	   0.00332
   0.04449	   0.00333
   0.04452	   0.00333
   0.04456	   0.00333
   0.04459	   0.00333
   0.04462	   0.00333
   0.04466	   0.00333
   0.04469	   0.00334
   0.04473	   0.00334
   0.04476	   0.00334
   0.04479	   0.00334
   0.04483	   0.00334
   0.04486	   0.00334
   0.04489	   0.00334
   0.04493	   0.00334
   0.04496	   0.00334
   0.04500	   0.00335
   0.04503	   0.00335
   0.04506	   0.00335
   0.04510	   0.00335
   0.04513	   0.00335
   0.04516	   0.00335
   0.04520	   0.00335
   0.04523	   0.00335
   0.04526	   0.00335
   0.04530	   0.00335
   0.04533	   0.00335
   0.04537	   0.00335
   0.04540	   0.00335
   0.04543	   0.00335
   0.04547	   0.00336
   0.04550	   0.00337
   0.04553	   0.00338
   0.04557	   0.00337
   0.04560	   0.00337
   0.04564	   0.00336
   0.04567	   0.00338
   0.04570	   0.00338
   0.04574	   0.00339
   0.04577	   0.00338
   0.04580	   0.00337
   0.04584	   0.00337
   0.04587	   0.00338
   0.04591	   0.00338
   0.04594	   0.00338
   0.04597	   0.00336
   0.04601	   0.00336
   0.04604	   0.00335
   0.04607	   0.00336
   0.04611	   0.00337
   0.04614	   0.00338
   0.04618	   0.00339
   0.04621	   0.00339
   0.04624	   0.00340
   0.04628	   0.00340
   0.04631	   0.00340
   0.04634	   0.00339
   0.04638	   0.00339
   0.04641	   0.00340
   0.04644	   0.00339
   0.04648	   0.00340
   0.04651	   0.00340
   0.04655	   0.00340
   0.04658	   0.00340
   0.04661	   0.00340
   0.04665	   0.00340
   0.04668	   0.00340
   0.04671	   0.00340
   0.04675	   0.00340
   0.04678	   0.00341
   0.04682	   0.00341
   0.04685	   0.00341
   0.04688	   0.00341
   0.04692	   0.00342
   0.04695	   0.00340
   0.04698	   0.00340
   0.04702	   0.00340
   0.04705	   0.00340
   0.04709	   0.00341
   0.04712	   0.00342
   0.04715	   0.00342
   0.04719	   0.00342
   0.04722	   0.00341
   0.04725	   0.00341
   0.04729	   0.00341
   0.04732	   0.00341
   0.04735	   0.00341
   0.04739	   0.00341
   0.04742	   0.00341
   0.04745	   0.00342
   0.04749	   0.00343
   0.04752	   0.00342
   0.04756	   0.00342
   0.04759	   0.00341
   0.04762	   0.00342
   0.04766	   0.00342
   0.04769	   0.00343
   0.04772	   0.00342
   0.04776	   0.00341
   0.04779	   0.00341
   0.04783	   0.00342
   0.04786	   0.00342
   0.04789	   0.00342
   0.04793	   0.00342
   0.04796	   0.00343
   0.04800	   0.00343
   0.04803	   0.00344
   0.04806	   0.00344
   0.04810	   0.00344
   0.04813	   0.00345
   0.04816	   0.00345
   0.04820	   0.00345
   0.04823	   0.00346
   0.04826	   0.00346
   0.04830	   0.00345
   0.04833	   0.00345
   0.04836	   0.00346
   0.04840	   0.00346
   0.04843	   0.00346
   0.04847	   0.00346
   0.04850	   0.00345
   0.04853	   0.00346
   0.04857	   0.00346
   0.04860	   0.00346
   0.04863	   0.00346
   0.04867	   0.00345
   0.04870	   0.00346
   0.04874	   0.00346
   0.04877	   0.00346
   0.04880	   0.00347
   0.04884	   0.00347
   0.04887	   0.00348
   0.04890	   0.00348
   0.04894	   0.00348
   0.04897	   0.00348
   0.04901	   0.00348
   0.04904	   0.00349
   0.04907	   0.00349
   0.04911	   0.00348
   0.04914	   0.00348
   0.04917	   0.00347
   0.04921	   0.00347
   0.04924	   0.00348
   0.04927	   0.00346
   0.04931	   0.00346
   0.04934	   0.00346
   0.04938	   0.00346
   0.04941	   0.00348
   0.04944	   0.00349
   0.04948	   0.00349
   0.04951	   0.00349
   0.04954	   0.00349
   0.04958	   0.00348
   0.04961	   0.00349
   0.04965	   0.00350
   0.04968	   0.00350
   0.04971	   0.00350
   0.04975	   0.00349
   0.04978	   0.00348
   0.04981	   0.00348
   0.04985	   0.00349
   0.04988	   0.00349
   0.04992	   0.00350
   0.04995	   0.00349
   0.04998	   0.00348
   0.05002	   0.00350
   0.05005	   0.00350
   0.05008	   0.00350
   0.05012	   0.00350
   0.05015	   0.00350
   0.05019	   0.00349
   0.05022	   0.00350
   0.05025	   0.00350
   0.05029	   0.00351
   0.05032	   0.00351
   0.05035	   0.00351
   0.05039	   0.00351
   0.05042	   0.00351
   0.05045	   0.00351
   0.05049	   0.00351
   0.05052	   0.00351
   0.05056	   0.00351
   0.05059	   0.00351
   0.05062	   0.00351
   0.05066	   0.00351
   0.05069	   0.00351
   0.05072	   0.00351
   0.05076	   0.00352
   0.05079	   0.00352
   0.05083	   0.00352
   0.05086	   0.00353
   0.05089	   0.00353
   0.05093	   0.00354
   0.05096	   0.00355
   0.05099	   0.00355
   0.05103	   0.00355
   0.05106	   0.00355
   0.05110	   0.00355
   0.05113	   0.00355
   0.05116	   0.00355
   0.05120	   0.00355
   0.05123	   0.00355
   0.05126	   0.00355
   0.05130	   0.00355
   0.05133	   0.00355
   0.05137	   0.00355
   0.05140	   0.00355
   0.05143	   0.00356
   0.05147	   0.00356
   0.05150	   0.00356
   0.05153	   0.00357
   0.05157	   0.00357
   0.05160	   0.00357
   0.05164	   0.00358
   0.05167	   0.00357
   0.05170	   0.00356
   0.05174	   0.00356
   0.05177	   0.00356
   0.05180	   0.00357
   0.05184	   0.00357
   0.05187	   0.00357
   0.05190	   0.00357
   0.05194	   0.00356
   0.05197	   0.00357
   0.05201	   0.00357
   0.05204	   0.00356
   0.05207	   0.00356
   0.05211	   0.00356
   0.05214	   0.00355
   0.05217	   0.00355
   0.05221	   0.00355
   0.05224	   0.00354
   0.05228	   0.00355
   0.05231	   0.00356
   0.05234	   0.00357
   0.05238	   0.00358
   0.05241	   0.00358
   0.05244	   0.00359
   0.05248	   0.00357
   0.05251	   0.00358
   0.05255	   0.00359
   0.05258	   0.00359
   0.05261	   0.00358
   0.05265	   0.00360
   0.05268	   0.00360
   0.05271	   0.00359
   0.05275	   0.00359
   0.05278	   0.00360
   0.05281	   0.00360
   0.05285	   0.00359
   0.05288	   0.00358
   0.05291	   0.00359
   0.05295	   0.00359
   0.05298	   0.00359
   0.05302	   0.00359
   0.05305	   0.00359
   0.05308	   0.00360
   0.05312	   0.00359
   0.05315	   0.00358
   0.05319	   0.00359
   0.05322	   0.00358
   0.05325	   0.00359
   0.05329	   0.00360
   0.05332	   0.00360
   0.05335	   0.00358
   0.05339	   0.00357
   0.05342	   0.00358
   0.05346	   0.00358
   0.05349	   0.00359
   0.05352	   0.00361
   0.05356	   0.00361
   0.05359	   0.00360
   0.05362	   0.00360
   0.05366	   0.00360
   0.05369	   0.00360
   0.05372	   0.00361
   0.05376	   0.00361
   0.05379	   0.00361
   0.05382	   0.00361
   0.05386	   0.00361
   0.05389	   0.00361
   0.05393	   0.00361
   0.05396	   0.00361
   0.05399	   0.00361
   0.05403	   0.00360
   0.05406	   0.00360
   0.05409	   0.00361
   0.05413	   0.00361
   0.05416	   0.00361
   0.05420	   0.00361
   0.05423	   0.00361
   0.05426	   0.00361
   0.05430	   0.00361
   0.05433	   0.00361
   0.05436	   0.00361
   0.05440	   0.00361
   0.05443	   0.00361
   0.05447	   0.00361
   0.05450	   0.00361
   0.05453	   0.00361
   0.05457	   0.00361
   0.05460	   0.00360
   0.05463	   0.00360
   0.05467	   0.00358
   0.05470	   0.00358
   0.05473	   0.00358
   0.05477	   0.00360
   0.05480	   0.00361
   0.05484	   0.00361
   0.05487	   0.00361
   0.05490	   0.00360
   0.05494	   0.00361
   0.05497	   0.00361
   0.05500	   0.00362
   0.05504	   0.00364
   0.05507	   0.00364
   0.05511	   0.00365
   0.05514	   0.00364
   0.05517	   0.00362
   0.05521	   0.00361
   0.05524	   0.00361
   0.05527	   0.00361
   0.05531	   0.00361
   0.05534	   0.00361
   0.05538	   0.00362
   0.05541	   0.00362
   0.05544	   0.00363
   0.05548	   0.00363
   0.05551	   0.00361
   0.05554	   0.00361
   0.05558	   0.00361
   0.05561	   0.00362
   0.05565	   0.00362
   0.05568	   0.00361
   0.05571	   0.00361
   0.05575	   0.00360
   0.05578	   0.00360
   0.05581	   0.00360
   0.05585	   0.00360
   0.05588	   0.00361
   0.05591	   0.00361
   0.05595	   0.00361
   0.05598	   0.00361
   0.05602	   0.00362
   0.05605	   0.00362
   0.05608	   0.00361
   0.05612	   0.00361
   0.05615	   0.00362
   0.05618	   0.00362
   0.05622	   0.00361
   0.05625	   0.00361
   0.05629	   0.00361
   0.05632	   0.00362
   0.05635	   0.00362
   0.05639	   0.00362
   0.05642	   0.00362
   0.05645	   0.00363
   0.05649	   0.00362
   0.05652	   0.00362
   0.05656	   0.00362
   0.05659	   0.00363
   0.05662	   0.00363
   0.05666	   0.00362
   0.05669	   0.00362
   0.05672	   0.00362
   0.05676	   0.00362
   0.05679	   0.00362
   0.05683	   0.00362
   0.05686	   0.00362
   0.05689	   0.00362
   0.05693	   0.00362
   0.05696	   0.00362
   0.05699	   0.00362
   0.05703	   0.00363
   0.05706	   0.00363
   0.05709	   0.00364
   0.05713	   0.00363
   0.05716	   0.00364
   0.05720	   0.00364
   0.05723	   0.00363
   0.05726	   0.00363
   0.05730	   0.00363
   0.05733	   0.00364
   0.05736	   0.00365
   0.05740	   0.00364
   0.05743	   0.00364
   0.05747	   0.00364
   0.05750	   0.00364
   0.05753	   0.00363
   0.05757	   0.00363
   0.05760	   0.00362
   0.05763	   0.00363
   0.05767	   0.00364
   0.05770	   0.00363
   0.05774	   0.00363
   0.05777	   0.00362
   0.05780	   0.00362
   0.05784	   0.00362
   0.05787	   0.00363
   0.05790	   0.00363
   0.05794	   0.00361
   0.05797	   0.00360
   0.05801	   0.00361
   0.05804	   0.00361
   0.05807	   0.00362
   0.05811	   0.00362
   0.05814	   0.00362
   0.05817	   0.00362
   0.05821	   0.00362
   0.05824	   0.00362
   0.05827	   0.00361
   0.05831	   0.00361
   0.05834	   0.00362
   0.05838	   0.00363
   0.05841	   0.00362
   0.05844	   0.00362
   0.05848	   0.00363
   0.05851	   0.00362
   0.05854	   0.00362
   0.05858	   0.00363
   0.05861	   0.00364
   0.05865	   0.00362
   0.05868	   0.00360
   0.05871	   0.00360
   0.05875	   0.00359
   0.05878	   0.00359
   0.05881	   0.00359
   0.05885	   0.00362
   0.05888	   0.00365
   0.05892	   0.00364
   0.05895	   0.00364
   0.05898	   0.00365
   0.05902	   0.00364
   0.05905	   0.00363
   0.05908	   0.00364
   0.05912	   0.00363
   0.05915	   0.00363
   0.05918	   0.00363
   0.05922	   0.00363
   0.05925	   0.00363
   0.05928	   0.00364
   0.05932	   0.00363
   0.05935	   0.00365
   0.05939	   0.00365
   0.05942	   0.00366
   0.05945	   0.00365
   0.05949	   0.00365
   0.05952	   0.00366
   0.05955	   0.00366
   0.05959	   0.00366
   0.05962	   0.00366
   0.05966	   0.00366
   0.05969	   0.00366
   0.05972	   0.00365
   0.05976	   0.00365
   0.05979	   0.00365
   0.05983	   0.00365
   0.05986	   0.00363
   0.05989	   0.00365
   0.05993	   0.00366
   0.05996	   0.00366
   0.05999	   0.00366
   0.06003	   0.00365
   0.06006	   0.00365
   0.06009	   0.00365
   0.06013	   0.00364
   0.06016	   0.00364
   0.06019	   0.00365
   0.06023	   0.00363
   0.06026	   0.00363
   0.06030	   0.00362
   0.06033	   0.00362
   0.06036	   0.00363
   0.06040	   0.00365
   0.06043	   0.00366
   0.06046	   0.00366
   0.06050	   0.00366
   0.06053	   0.00365
   0.06057	   0.00364
   0.06060	   0.00365
   0.06063	   0.00365
   0.06067	   0.00365
   0.06070	   0.00366
   0.06073	   0.00365
   0.06077	   0.00365
   0.06080	   0.00366
   0.06084	   0.00367
   0.06087	   0.00367
   0.06090	   0.00366
   0.06094	   0.00366
   0.06097	   0.00366
   0.06100	   0.00365
   0.06104	   0.00365
   0.06107	   0.00366
   0.06110	   0.00367
   0.06114	   0.00367
   0.06117	   0.00367
   0.06121	   0.00367
   0.06124	   0.00367
   0.06127	   0.00367
   0.06131	   0.00368
   0.06134	   0.00368
   0.06137	   0.00367
   0.06141	   0.00367
   0.06144	   0.00368
   0.06148	   0.00368
   0.06151	   0.00368
   0.06154	   0.00368
   0.06158	   0.00368
   0.06161	   0.00368
   0.06164	   0.00367
   0.06168	   0.00367
   0.06171	   0.00368
   0.06175	   0.00368
   0.06178	   0.00368
   0.06181	   0.00367
   0.06185	   0.00367
   0.06188	   0.00368
   0.06191	   0.00368
   0.06195	   0.00368
   0.06198	   0.00367
   0.06202	   0.00365
   0.06205	   0.00365
   0.06208	   0.00365
   0.06212	   0.00365
   0.06215	   0.00365
   0.06218	   0.00364
   0.06222	   0.00365
   0.06225	   0.00367
   0.06229	   0.00367
   0.06232	   0.00367
   0.06235	   0.00367
   0.06239	   0.00366
   0.06242	   0.00366
   0.06245	   0.00367
   0.06249	   0.00369
   0.06252	   0.00368
   0.06255	   0.00368
   0.06259	   0.00368
   0.06262	   0.00368
   0.06266	   0.00368
   0.06269	   0.00369
   0.06272	   0.00368
   0.06276	   0.00369
   0.06279	   0.00368
   0.06282	   0.00369
   0.06286	   0.00369
   0.06289	   0.00368
   0.06293	   0.00368
   0.06296	   0.00368
   0.06299	   0.00368
   0.06303	   0.00369
   0.06306	   0.00368
   0.06309	   0.00368
   0.06313	   0.00367
   0.06316	   0.00367
   0.06320	   0.00368
   0.06323	   0.00368
   0.06326	   0.00368
   0.06330	   0.00368
   0.06333	   0.00369
   0.06336	   0.00369
   0.06340	   0.00370
   0.06343	   0.00369
   0.06346	   0.00369
   0.06350	   0.00369
   0.06353	   0.00370
   0.06357	   0.00370
   0.06360	   0.00368
   0.06363	   0.00370
   0.06367	   0.00369
   0.06370	   0.00370
   0.06373	   0.00368
   0.06377	   0.00368
   0.06380	   0.00369
   0.06384	   0.00370
   0.06387	   0.00371
   0.06390	   0.00370
   0.06394	   0.00370
   0.06397	   0.00370
   0.06400	   0.00369
   0.06404	   0.00370
   0.06407	   0.00370
   0.06410	   0.00370
   0.06414	   0.00371
   0.06417	   0.00371
   0.06421	   0.00371
   0.06424	   0.00371
   0.06427	   0.00372
   0.06431	   0.00371
   0.06434	   0.00371
   0.06438	   0.00371
   0.06441	   0.00371
   0.06444	   0.00372
   0.06448	   0.00372
   0.06451	   0.00372
   0.06454	   0.00371
   0.06458	   0.00371
   0.06461	   0.00371
   0.06464	   0.00373
   0.06468	   0.00372
   0.06471	   0.00371
   0.06475	   0.00371
   0.06478	   0.00373
   0.06481	   0.00373
   0.06485	   0.00373
   0.06488	   0.00373
   0.06491	   0.00373
   0.06495	   0.00372
   0.06498	   0.00372
   0.06502	   0.00372
   0.06505	   0.00373
   0.06508	   0.00374
   0.06512	   0.00373
   0.06515	   0.00372
   0.06518	   0.00373
   0.06522	   0.00373
   0.06525	   0.00374
   0.06528	   0.00372
   0.06532	   0.00372
   0.06535	   0.00372
   0.06539	   0.00372
   0.06542	   0.00373
   0.06545	   0.00374
   0.06549	   0.00373
   0.06552	   0.00374
   0.06555	   0.00373
   0.06559	   0.00373
   0.06562	   0.00373
   0.06566	   0.00373
   0.06569	   0.00372
   0.06572	   0.00373
   0.06576	   0.00374
   0.06579	   0.00374
   0.06582	   0.00374
   0.06586	   0.00375
   0.06589	   0.00373
   0.06592	   0.00373
   0.06596	   0.00373
   0.06599	   0.00373
   0.06603	   0.00374
   0.06606	   0.00374
   0.06609	   0.00374
   0.06613	   0.00373
   0.06616	   0.00373
   0.06620	   0.00374
   0.06623	   0.00374
   0.06626	   0.00374
   0.06630	   0.00374
   0.06633	   0.00374
   0.06636	   0.00375
   0.06640	   0.00375
   0.06643	   0.00376
   0.06646	   0.00377
   0.06650	   0.00376
   0.06653	   0.00376
   0.06657	   0.00376
   0.06660	   0.00374
   0.06663	   0.00375
   0.06667	   0.00373
   0.06670	   0.00374
   0.06673	   0.00375
   0.06677	   0.00375
   0.06680	   0.00376
   0.06684	   0.00377
   0.06687	   0.00377
   0.06690	   0.00376
   0.06694	   0.00377
   0.06697	   0.00377
   0.06700	   0.00377
   0.06704	   0.00377
   0.06707	   0.00377
   0.06710	   0.00377
   0.06714	   0.00377
   0.06717	   0.00377
   0.06721	   0.00376
   0.06724	   0.00376
   0.06727	   0.00377
   0.06731	   0.00377
   0.06734	   0.00377
   0.06737	   0.00377
   0.06741	   0.00377
   0.06744	   0.00377
   0.06748	   0.00377
   0.06751	   0.00377
   0.06754	   0.00377
   0.06758	   0.00377
   0.06761	   0.00377
   0.06764	   0.00378
   0.06768	   0.00378
   0.06771	   0.00378
   0.06774	   0.00378
   0.06778	   0.00378
   0.06781	   0.00378
   0.06785	   0.00378
   0.06788	   0.00378
   0.06791	   0.00378
   0.06795	   0.00378
   0.06798	   0.00379
   0.06802	   0.00379
   0.06805	   0.00380
   0.06808	   0.00380
   0.06812	   0.00381
   0.06815	   0.00381
   0.06818	   0.00381
   0.06822	   0.00381
   0.06825	   0.00381
   0.06828	   0.00380
   0.06832	   0.00380
   0.06835	   0.00380
   0.06839	   0.00380
   0.06842	   0.00380
   0.06845	   0.00380
   0.06849	   0.00381
   0.06852	   0.00380
   0.06855	   0.00380
   0.06859	   0.00380
   0.06862	   0.00380
   0.06865	   0.00379
   0.06869	   0.00380
   0.06872	   0.00380
   0.06876	   0.00380
   0.06879	   0.00380
   0.06882	   0.00380
   0.06886	   0.00380
   0.06889	   0.00380
   0.06893	   0.00379
   0.06896	   0.00379
   0.06899	   0.00380
   0.06903	   0.00380
   0.06906	   0.00381
   0.06909	   0.00381
   0.06913	   0.00381
   0.06916	   0.00381
   0.06919	   0.00381
   0.06923	   0.00381
   0.06926	   0.00380
   0.06930	   0.00381
   0.06933	   0.00381
   0.06936	   0.00381
   0.06940	   0.00383
   0.06943	   0.00383
   0.06946	   0.00383
   0.06950	   0.00382
   0.06953	   0.00383
   0.06957	   0.00383
   0.06960	   0.00383
   0.06963	   0.00384
   0.06967	   0.00383
   0.06970	   0.00382
   0.06973	   0.00382
   0.06977	   0.00383
   0.06980	   0.00383
   0.06983	   0.00383
   0.06987	   0.00383
   0.06990	   0.00384
   0.06994	   0.00384
   0.06997	   0.00384
   0.07000	   0.00384
   0.07004	   0.00384
   0.07007	   0.00384
   0.07010	   0.00384
   0.07014	   0.00384
   0.07017	   0.00384
   0.07021	   0.00384
   0.07024	   0.00384
   0.07027	   0.00385
   0.07031	   0.00384
   0.07034	   0.00384
   0.07037	   0.00385
   0.07041	   0.00385
   0.07044	   0.00385
   0.07047	   0.00385
   0.07051	   0.00386
   0.07054	   0.00385
   0.07058	   0.00386
   0.07061	   0.00386
   0.07064	   0.00386
   0.07068	   0.00386
   0.07071	   0.00384
   0.07075	   0.00384
   0.07078	   0.00384
   0.07081	   0.00384
   0.07085	   0.00385
   0.07088	   0.00387
   0.07091	   0.00387
   0.07095	   0.00387
   0.07098	   0.00386
   0.07101	   0.00385
   0.07105	   0.00386
   0.07108	   0.00387
   0.07112	   0.00387
   0.07115	   0.00387
   0.07118	   0.00387
   0.07122	   0.00387
   0.07125	   0.00387
   0.07128	   0.00387
   0.07132	   0.00387
   0.07135	   0.00387
   0.07139	   0.00387
   0.07142	   0.00387
   0.07145	   0.00388
   0.07149	   0.00388
   0.07152	   0.00388
   0.07155	   0.00388
   0.07159	   0.00388
   0.07162	   0.00387
   0.07165	   0.00387
   0.07169	   0.00388
   0.07172	   0.00389
   0.07176	   0.00389
   0.07179	   0.00389
   0.07182	   0.00389
   0.07186	   0.00389
   0.07189	   0.00389
   0.07193	   0.00390
   0.07196	   0.00390
   0.07199	   0.00389
   0.07203	   0.00389
   0.07206	   0.00390
   0.07209	   0.00391
   0.07213	   0.00389
   0.07216	   0.00390
   0.07219	   0.00390
   0.07223	   0.00390
   0.07226	   0.00390
   0.07229	   0.00390
   0.07233	   0.00390
   0.07236	   0.00391
   0.07240	   0.00391
   0.07243	   0.00392
   0.07246	   0.00392
   0.07250	   0.00391
   0.07253	   0.00391
   0.07257	   0.00392
   0.07260	   0.00391
   0.07263	   0.00391
   0.07267	   0.00391
   0.07270	   0.00391
   0.07273	   0.00391
   0.07277	   0.00392
   0.07280	   0.00392
   0.07283	   0.00392
   0.07287	   0.00391
   0.07290	   0.00391
   0.07294	   0.00393
   0.07297	   0.00393
   0.07300	   0.00394
   0.07304	   0.00394
   0.07307	   0.00394
   0.07310	   0.00394
   0.07314	   0.00394
   0.07317	   0.00394
   0.07321	   0.00394
   0.07324	   0.00394
   0.07327	   0.00395
   0.07331	   0.00395
   0.07334	   0.00394
   0.07337	   0.00394
   0.07341	   0.00394
   0.07344	   0.00394
   0.07347	   0.00394
   0.07351	   0.00394
   0.07354	   0.00394
   0.07358	   0.00394
   0.07361	   0.00394
   0.07364	   0.00394
   0.07368	   0.00394
   0.07371	   0.00394
   0.07375	   0.00394
   0.07378	   0.00394
   0.07381	   0.00394
   0.07385	   0.00394
   0.07388	   0.00394
   0.07391	   0.00394
   0.07395	   0.00395
   0.07398	   0.00395
   0.07401	   0.00396
   0.07405	   0.00396
   0.07408	   0.00396
   0.07412	   0.00397
   0.07415	   0.00396
   0.07418	   0.00396
   0.07422	   0.00396
   0.07425	   0.00396
   0.07428	   0.00397
   0.07432	   0.00396
   0.07435	   0.00396
   0.07439	   0.00396
   0.07442	   0.00396
   0.07445	   0.00397
   0.07449	   0.00398
   0.07452	   0.00398
   0.07455	   0.00397
   0.07459	   0.00398
   0.07462	   0.00397
   0.07465	   0.00398
   0.07469	   0.00398
   0.07472	   0.00399
   0.07476	   0.00398
   0.07479	   0.00398
   0.07482	   0.00397
   0.07486	   0.00398
   0.07489	   0.00398
   0.07492	   0.00398
   0.07496	   0.00398
   0.07499	   0.00400
   0.07638	   0.00411
   0.07829	   0.00418
   0.08020	   0.00427
   0.08210	   0.00438
   0.08401	   0.00465
   0.08592	   0.00528
   0.08783	   0.00531
   0.08974	   0.00526
   0.09166	   0.00478
   0.09357	   0.00474
   0.09547	   0.00474
   0.09739	   0.00474
   0.09929	   0.00475
   0.10120	   0.00475
   0.10311	   0.00475
   0.10502	   0.00475
   0.10692	   0.00477
   0.10883	   0.00475
   0.11082	   0.00486
   0.11273	   0.00485
   0.11465	   0.00488
   0.11658	   0.00495
   0.11849	   0.00498
   0.12040	   0.00498
   0.12234	   0.00500
   0.12425	   0.00499
   0.12618	   0.00496
   0.12809	   0.00498
   0.12999	   0.00499
   0.13192	   0.00503
   0.13383	   0.00498
   0.13574	   0.00501
   0.13766	   0.00504
   0.13957	   0.00507
   0.14149	   0.00502
   0.14340	   0.00502
   0.14531	   0.00485
   0.14723	   0.00485
   0.14914	   0.00484
   0.15105	   0.00491
   0.15296	   0.00489
   0.15486	   0.00491
   0.15677	   0.00490
   0.15868	   0.00489
   0.16060	   0.00492
   0.16251	   0.00492
   0.16443	   0.00492
   0.16637	   0.00494
   0.16828	   0.00495
   0.17019	   0.00495
   0.17210	   0.00495
   0.17401	   0.00495
   0.17591	   0.00498
   0.17782	   0.00499
   0.17973	   0.00499
   0.18164	   0.00502
   0.18355	   0.00500
   0.18546	   0.00503
   0.18737	   0.00503
   0.18928	   0.00507
   0.19118	   0.00508
   0.19309	   0.00505
   0.19500	   0.00505
   0.19693	   0.00506
   0.19884	   0.00507
   0.20074	   0.00508
   0.20265	   0.00510
   0.20457	   0.00509
   0.20648	   0.00508
   0.20838	   0.00508
   0.21029	   0.00512
   0.21220	   0.00513
   0.21411	   0.00514
   0.21602	   0.00515
   0.21793	   0.00514
   0.21984	   0.00515
   0.22175	   0.00516
   0.22366	   0.00519
   0.22557	   0.00516
   0.22748	   0.00520
   0.22939	   0.00520
   0.23129	   0.00520
   0.23322	   0.00523
   0.23514	   0.00524
   0.23705	   0.00523
   0.23896	   0.00524
   0.24087	   0.00524
   0.24278	   0.00525
   0.24469	   0.00527
   0.24660	   0.00526
   0.24850	   0.00527
   0.25041	   0.00527
   0.25232	   0.00528
   0.25423	   0.00529
   0.25615	   0.00528
   0.25806	   0.00533
   0.25996	   0.00532
   0.26187	   0.00532
   0.26379	   0.00533
   0.26570	   0.00532
   0.26761	   0.00534
   0.26951	   0.00533
   0.27143	   0.00534
   0.27334	   0.00537
   0.27524	   0.00537
   0.27715	   0.00565
   0.27906	   0.00551
   0.28101	   0.00547
   0.28292	   0.00545
   0.28483	   0.00549
   0.28674	   0.00552
   0.28869	   0.00556
   0.29062	   0.00548
   0.29253	   0.00544
   0.29445	   0.00544
   0.29636	   0.00545
   0.29827	   0.00547
   0.30018	   0.00547
   0.30213	   0.00545
   0.30404	   0.00523
   0.30598	   0.00532
   0.30789	   0.00531
   0.30986	   0.00534
   0.31197	   0.00537
   0.31400	   0.00520
   0.31595	   0.00524
   0.31789	   0.00517
   0.31990	   0.00530
   0.32182	   0.00526
   0.32376	   0.00529
   0.32567	   0.00525
   0.32760	   0.00526
   0.32951	   0.00529
   0.33142	   0.00532
   0.33340	   0.00530
   0.33536	   0.00530
   0.33731	   0.00524
   0.33924	   0.00534
   0.34122	   0.00546
   0.34313	   0.00541
   0.34504	   0.00541
   0.34697	   0.00540
   0.34889	   0.00542
   0.35080	   0.00540
   0.35273	   0.00544
   0.35468	   0.00542
   0.35660	   0.00540
   0.35851	   0.00543
   0.36046	   0.00542
   0.36236	   0.00541
   0.36430	   0.00542
   0.36622	   0.00539
   0.36813	   0.00541
   0.37005	   0.00546
   0.37197	   0.00552
   0.37391	   0.00549
   0.37589	   0.00553
   0.37782	   0.00537
   0.37973	   0.00549
   0.38163	   0.00550
   0.38355	   0.00538
   0.38546	   0.00551
   0.38737	   0.00549
   0.38928	   0.00540
   0.39122	   0.00541
   0.39317	   0.00539
   0.39512	   0.00543
   0.39707	   0.00543
   0.39901	   0.00550
   0.40097	   0.00553
   0.40288	   0.00551
   0.40482	   0.00551
   0.40680	   0.00554
   0.40871	   0.00553
   0.41069	   0.00557
   0.41261	   0.00558
   0.41455	   0.00559
   0.41646	   0.00556
   0.41838	   0.00557
   0.42029	   0.00557
   0.42222	   0.00558
   0.42412	   0.00558
   0.42607	   0.00557
   0.42798	   0.00552
   0.42989	   0.00542
   0.43180	   0.00552
   0.43372	   0.00553
   0.43565	   0.00555
   0.43757	   0.00558
   0.43951	   0.00555
   0.44142	   0.00553
   0.44333	   0.00542
   0.44524	   0.00553
   0.44715	   0.00553
   0.44906	   0.00554
   0.45097	   0.00557
   0.45291	   0.00558
   0.45486	   0.00559
   0.45676	   0.00558
   0.45868	   0.00561
   0.46058	   0.00557
   0.46249	   0.00553
   0.46447	   0.00559
   0.46643	   0.00560
   0.46835	   0.00559
   0.47030	   0.00561
   0.47226	   0.00559
   0.47419	   0.00557
   0.47609	   0.00557
   0.47800	   0.00557
   0.47991	   0.00556
   0.48184	   0.00557
   0.48377	   0.00552
   0.48575	   0.00555
   0.48767	   0.00551
   0.48963	   0.00558
   0.49154	   0.00553
   0.49344	   0.00554
   0.49535	   0.00553
   0.49733	   0.00554
   0.49931	   0.00541
   0.50124	   0.00540
   0.50318	   0.00543
   0.50510	   0.00543
   0.50701	   0.00542
   0.50892	   0.00543
   0.51088	   0.00539
   0.51282	   0.00543
   0.51499	   0.00543
   0.51703	   0.00531
   0.51896	   0.00539
   0.52097	   0.00540
   0.52288	   0.00539
   0.52487	   0.00540
   0.52691	   0.00549
   0.52886	   0.00541
   0.53077	   0.00543
   0.53272	   0.00550
   0.53464	   0.00546
   0.53654	   0.00540
   0.53847	   0.00543
   0.54039	   0.00539
   0.54238	   0.00548
   0.54440	   0.00543
   0.54631	   0.00540
   0.54827	   0.00539
   0.55019	   0.00537
   0.55213	   0.00541
   0.55404	   0.00540
   0.55595	   0.00541
   0.55786	   0.00536
   0.55980	   0.00537
   0.56172	   0.00540
   0.56364	   0.00539
   0.56557	   0.00542
   0.56749	   0.00544
   0.56940	   0.00543
   0.57133	   0.00541
   0.57324	   0.00540
   0.57515	   0.00539
   0.57710	   0.00541
   0.57904	   0.00541
   0.58099	   0.00544
   0.58291	   0.00545
   0.58482	   0.00544
   0.58675	   0.00544
   0.58866	   0.00543
   0.59059	   0.00542
   0.59254	   0.00547
   0.59455	   0.00547
   0.59656	   0.00547
   0.59855	   0.00553
   0.60055	   0.00545
   0.60247	   0.00543
   0.60439	   0.00545
   0.60631	   0.00546
   0.60822	   0.00545
   0.61014	   0.00544
   0.61205	   0.00544
   0.61397	   0.00547
   0.61591	   0.00546
   0.61782	   0.00544
   0.61976	   0.00546
   0.62167	   0.00548
   0.62361	   0.00548
   0.62557	   0.00547
   0.62758	   0.00555
   0.62957	   0.00561
   0.63149	   0.00546
   0.63340	   0.00538
   0.63532	   0.00541
   0.63731	   0.00539
   0.63939	   0.00547
   0.64131	   0.00544
   0.64328	   0.00548
   0.64521	   0.00557
   0.64712	   0.00556
   0.64905	   0.00555
   0.65112	   0.00556
   0.65303	   0.00553
   0.65499	   0.00558
   0.65694	   0.00552
   0.65888	   0.00550
   0.66079	   0.00552
   0.66273	   0.00552
   0.66464	   0.00544
   0.66665	   0.00548
   0.66856	   0.00546
   0.67061	   0.00546
   0.67271	   0.00551
   0.67464	   0.00545
   0.67654	   0.00543
   0.67850	   0.00549
   0.68042	   0.00545
   0.68233	   0.00545
   0.68425	   0.00547
   0.68615	   0.00547
   0.68807	   0.00551
   0.69001	   0.00553
   0.69192	   0.00551
   0.69384	   0.00552
   0.69575	   0.00551
   0.69768	   0.00554
   0.69959	   0.00553
   0.70150	   0.00554
   0.70340	   0.00553
   0.70531	   0.00553
   0.70722	   0.00553
   0.70914	   0.00552
   0.71104	   0.00554
   0.71295	   0.00552
   0.71486	   0.00553
   0.71676	   0.00550
   0.71867	   0.00551
   0.72058	   0.00552
   0.72248	   0.00552
   0.72443	   0.00553
   0.72635	   0.00552
   0.72826	   0.00546
   0.73023	   0.00551
   0.73214	   0.00551
   0.73407	   0.00551
   0.73599	   0.00553
   0.73793	   0.00551
   0.74016	   0.00555
   0.74210	   0.00551
   0.74409	   0.00552
   0.74599	   0.00553
   0.74794	   0.00554
   0.74988	   0.00555
   0.75179	   0.00556
   0.75451	   0.00557
   0.75646	   0.00558
   0.75862	   0.00559
   0.76054	   0.00559
   0.76250	   0.00560
   0.76448	   0.00561
   0.76641	   0.00562
   0.76833	   0.00563
   0.77024	   0.00564
   0.77218	   0.00565
   0.77409	   0.00565
   0.77601	   0.00565
   0.77793	   0.00565
   0.77983	   0.00565
   0.78174	   0.00566
   0.78366	   0.00565
   0.78557	   0.00565
   0.78749	   0.00565
   0.78940	   0.00564
   0.79134	   0.00565
   0.79329	   0.00566
   0.79520	   0.00565
   0.79713	   0.00565
   0.79904	   0.00567
   0.80103	   0.00570
   0.80297	   0.00570
   0.80488	   0.00568
   0.80681	   0.00566
   0.80872	   0.00566
   0.81063	   0.00565
   0.81257	   0.00565
   0.81451	   0.00567
   0.81642	   0.00566
   0.81833	   0.00566
   0.82025	   0.00566
   0.82217	   0.00569
   0.82408	   0.00566
   0.82599	   0.00566
   0.82789	   0.00568
   0.82980	   0.00568
   0.83171	   0.00566
   0.83363	   0.00566
   0.83553	   0.00565
   0.83744	   0.00566
   0.83937	   0.00568
   0.84129	   0.00568
   0.84321	   0.00565
   0.84512	   0.00562
   0.84703	   0.00564
   0.84893	   0.00563
   0.85084	   0.00564
   0.85275	   0.00565
   0.85466	   0.00566
   0.85659	   0.00563
   0.85854	   0.00564
   0.86046	   0.00564
   0.86240	   0.00567
   0.86433	   0.00571
   0.86625	   0.00567
   0.86817	   0.00565
   0.87009	   0.00565
   0.87205	   0.00569
   0.87397	   0.00566
   0.87590	   0.00566
   0.87782	   0.00566
   0.87981	   0.00566
   0.88188	   0.00566
   0.88379	   0.00566
   0.88572	   0.00567
   0.88762	   0.00567
   0.88953	   0.00567
   0.89145	   0.00567
   0.89336	   0.00566
   0.89527	   0.00569
   0.89718	   0.00566
   0.89911	   0.00567
   0.90101	   0.00568
   0.90294	   0.00568
   0.90485	   0.00568
   0.90675	   0.00567
   0.90866	   0.00567
   0.91057	   0.00566
   0.91248	   0.00567
   0.91440	   0.00569
   0.91635	   0.00569
   0.91828	   0.00571
   0.92019	   0.00572
   0.92211	   0.00572
   0.92403	   0.00571
   0.92594	   0.00571
   0.92784	   0.00571
   0.92977	   0.00572
   0.93168	   0.00573
   0.93361	   0.00571
   0.93554	   0.00569
   0.93746	   0.00572
   0.93937	   0.00571
   0.94128	   0.00569
   0.94319	   0.00570
   0.94509	   0.00571
   0.94703	   0.00571
   0.94897	   0.00574
   0.95093	   0.00568
   0.95297	   0.00573
   0.95488	   0.00573
   0.95679	   0.00573
   0.95870	   0.00573
   0.96062	   0.00573
   0.96255	   0.00573
   0.96447	   0.00573
   0.96642	   0.00573
   0.96833	   0.00573
   0.97025	   0.00573
   0.97216	   0.00573
   0.97406	   0.00573
   0.97597	   0.00573
   0.97789	   0.00573
   0.97980	   0.00574
   0.98172	   0.00574
   0.98364	   0.00574
   0.98555	   0.00574
   0.98748	   0.00574
   0.98942	   0.00574
   0.99149	   0.00574
   0.99355	   0.00574
   0.99553	   0.00574
   0.99746	   0.00574
   0.99936	   0.00574
   1.00130	   0.00574
   1.00320	   0.00572
   1.00510	   0.00572
   1.00700	   0.00572
   1.00900	   0.00575
   1.01090	   0.00572
   1.01280	   0.00572
   1.01470	   0.00572
   1.01660	   0.00571
   1.01850	   0.00571
   1.02040	   0.00571
   1.02240	   0.00570
   1.02430	   0.00571
   1.02620	   0.00571
   1.02810	   0.00568
   1.03000	   0.00568
   1.03200	   0.00570
   1.03390	   0.00567
   1.03580	   0.00570
   1.03780	   0.00573
   1.03970	   0.00568
   1.04160	   0.00567
   1.04350	   0.00567
   1.04540	   0.00568
   1.04730	   0.00571
   1.04920	   0.00573
   1.05110	   0.00574
   1.05300	   0.00572
   1.05500	   0.00572
   1.05690	   0.00573
   1.05880	   0.00572
   1.06070	   0.00570
   1.06270	   0.00574
   1.06460	   0.00570
   1.06650	   0.00572
   1.06840	   0.00574
   1.07030	   0.00578
   1.07230	   0.00575
   1.07420	   0.00575
   1.07610	   0.00576
   1.07800	   0.00574
   1.07990	   0.00575
   1.08190	   0.00572
   1.08380	   0.00569
   1.08570	   0.00570
   1.08770	   0.00574
   1.08960	   0.00570
   1.09150	   0.00572
   1.09350	   0.00576
   1.09540	   0.00572
   1.09730	   0.00571
   1.09920	   0.00570
   1.10110	   0.00571
   1.10310	   0.00568
   1.10500	   0.00570
   1.10690	   0.00573
   1.10880	   0.00577
   1.11070	   0.00575
   1.11260	   0.00573
   1.11450	   0.00574
   1.11650	   0.00574
   1.11840	   0.00575
   1.12030	   0.00574
   1.12220	   0.00572
   1.12410	   0.00570
   1.12610	   0.00573
   1.12800	   0.00571
   1.12990	   0.00569
   1.13180	   0.00571
   1.13380	   0.00570
   1.13570	   0.00569
   1.13760	   0.00570
   1.13950	   0.00569
   1.14140	   0.00567
   1.14330	   0.00565
   1.14520	   0.00566
   1.14710	   0.00567
   1.14910	   0.00566
   1.15100	   0.00567
   1.15290	   0.00567
   1.15480	   0.00567
   1.15670	   0.00568
   1.15860	   0.00567
   1.16060	   0.00566
   1.16250	   0.00567
   1.16440	   0.00570
   1.16630	   0.00566
   1.16820	   0.00568
   1.17010	   0.00569
   1.17210	   0.00569
   1.17400	   0.00567
   1.17590	   0.00568
   1.17780	   0.00569
   1.17970	   0.00570
   1.18160	   0.00570
   1.18350	   0.00570
   1.18540	   0.00568
   1.18730	   0.00570
   1.18920	   0.00567
   1.19110	   0.00566
   1.19310	   0.00567
   1.19500	   0.00569
   1.19690	   0.00569
   1.19880	   0.00570
   1.20070	   0.00569
   1.20270	   0.00572
   1.20460	   0.00569
   1.20660	   0.00570
   1.20850	   0.00570
   1.21040	   0.00570
   1.21230	   0.00570
   1.21430	   0.00570
   1.21620	   0.00570
   1.21810	   0.00570
   1.22000	   0.00570
   1.22200	   0.00571
   1.22390	   0.00571
   1.22580	   0.00571
   1.22770	   0.00571
   1.22960	   0.00571
   1.23150	   0.00571
   1.23340	   0.00571
   1.23530	   0.00571
   1.23730	   0.00572
   1.23920	   0.00572
   1.24120	   0.00572
   1.24310	   0.00572
   1.24500	   0.00572
   1.24690	   0.00572
   1.24890	   0.00573
   1.25080	   0.00574
   1.25270	   0.00573
   1.25460	   0.00571
   1.25660	   0.00571
   1.25850	   0.00575
   1.26050	   0.00572
   1.26240	   0.00572
   1.26430	   0.00574
   1.26630	   0.00576
   1.26820	   0.00575
   1.27020	   0.00576
   1.27210	   0.00572
   1.27400	   0.00573
   1.27590	   0.00574
   1.27780	   0.00573
   1.27980	   0.00573
   1.28170	   0.00574
   1.28370	   0.00573
   1.28560	   0.00573
   1.28750	   0.00574
   1.28940	   0.00573
   1.29130	   0.00573
   1.29320	   0.00573
   1.29520	   0.00574
   1.29710	   0.00573
   1.29900	   0.00573
   1.30090	   0.00572
   1.30280	   0.00573
   1.30470	   0.00570
   1.30660	   0.00569
   1.30860	   0.00569
   1.31050	   0.00568
   1.31240	   0.00567
   1.31460	   0.00567
   1.31660	   0.00566
   1.31860	   0.00566
   1.32060	   0.00565
   1.32250	   0.00564
   1.32450	   0.00564
   1.32650	   0.00563
   1.32840	   0.00563
   1.33030	   0.00565
   1.33220	   0.00563
   1.33420	   0.00563
   1.33610	   0.00562
   1.33800	   0.00563
   1.33990	   0.00562
   1.34180	   0.00561
   1.34380	   0.00563
   1.34570	   0.00563
   1.34760	   0.00561
   1.34950	   0.00562
   1.35140	   0.00562
   1.35340	   0.00564
   1.35530	   0.00564
   1.35720	   0.00561
   1.35910	   0.00562
   1.36100	   0.00564
   1.36300	   0.00562
   1.36490	   0.00563
   1.36680	   0.00565
   1.36880	   0.00563
   1.37070	   0.00565
   1.37270	   0.00569
   1.37460	   0.00564
   1.37650	   0.00567
   1.37840	   0.00567
   1.38030	   0.00567
   1.38220	   0.00566
   1.38420	   0.00566
   1.38610	   0.00564
   1.38800	   0.00563
   1.38990	   0.00564
   1.39180	   0.00564
   1.39370	   0.00567
   1.39560	   0.00568
   1.39760	   0.00565
   1.39950	   0.00565
   1.40140	   0.00568
   1.40330	   0.00564
   1.40530	   0.00563
   1.40730	   0.00566
   1.40920	   0.00568
   1.41110	   0.00563
   1.41300	   0.00569
   1.41490	   0.00565
   1.41690	   0.00568
   1.41880	   0.00565
   1.42070	   0.00563
   1.42260	   0.00564
   1.42450	   0.00564
   1.42640	   0.00565
   1.42840	   0.00565
   1.43030	   0.00565
   1.43220	   0.00565
   1.43410	   0.00565
   1.43610	   0.00565
   1.43800	   0.00565
   1.43990	   0.00565
   1.44180	   0.00566
   1.44370	   0.00566
   1.44570	   0.00566
   1.44760	   0.00566
   1.44950	   0.00566
   1.45140	   0.00566
   1.45330	   0.00566
   1.45530	   0.00566
   1.45720	   0.00567
   1.45910	   0.00567
   1.46110	   0.00567
   1.46300	   0.00567
   1.46490	   0.00567
   1.46690	   0.00567
   1.46880	   0.00573
   1.47070	   0.00569
   1.47260	   0.00567
   1.47460	   0.00569
   1.47650	   0.00570
   1.47840	   0.00568
   1.48030	   0.00568
   1.48220	   0.00571
   1.48410	   0.00571
   1.48600	   0.00568
   1.48790	   0.00571
   1.48980	   0.00571
   1.49180	   0.00571
   1.49370	   0.00570
   1.49560	   0.00571
   1.49750	   0.00572
   1.49940	   0.00572
   1.50130	   0.00572
   1.50320	   0.00573
   1.50510	   0.00572
   1.50710	   0.00571
   1.50900	   0.00572
   1.51090	   0.00573
   1.51280	   0.00575
   1.51470	   0.00575
   1.51660	   0.00574
   1.51850	   0.00575
   1.52040	   0.00575
   1.52230	   0.00577
   1.52420	   0.00577
   1.52610	   0.00578
   1.52810	   0.00580
   1.53000	   0.00580
   1.53190	   0.00579
   1.53390	   0.00582
   1.53580	   0.00592
   1.53780	   0.00590
   1.53970	   0.00585
   1.54160	   0.00584
   1.54360	   0.00586
   1.54550	   0.00591
   1.54740	   0.00589
   1.54940	   0.00587
   1.55130	   0.00588
   1.55320	   0.00589
   1.55510	   0.00591
   1.55700	   0.00592
   1.55890	   0.00593
   1.56080	   0.00596
   1.56270	   0.00597
   1.56460	   0.00597
   1.56650	   0.00599
   1.56840	   0.00600
   1.57030	   0.00601
   1.57220	   0.00600
   1.57420	   0.00603
   1.57610	   0.00603
   1.57800	   0.00605
   1.57990	   0.00607
   1.58180	   0.00607
   1.58370	   0.00609
   1.58560	   0.00609
   1.58750	   0.00611
   1.58950	   0.00613
   1.59140	   0.00615
   1.59330	   0.00615
   1.59520	   0.00616
   1.59710	   0.00617
   1.59900	   0.00620
   1.60090	   0.00621
   1.60280	   0.00622
   1.60470	   0.00625
   1.60670	   0.00626
   1.60860	   0.00628
   1.61050	   0.00629
   1.61240	   0.00634
   1.61430	   0.00631
   1.61620	   0.00634
   1.61810	   0.00636
   1.62000	   0.00637
   1.62190	   0.00640
   1.62380	   0.00641
   1.62570	   0.00643
   1.62760	   0.00643
   1.62950	   0.00644
   1.63150	   0.00647
   1.63340	   0.00650
   1.63530	   0.00650
   1.63720	   0.00649
   1.63910	   0.00654
   1.64100	   0.00655
   1.64290	   0.00657
   1.64480	   0.00663
   1.64680	   0.00667
   1.64870	   0.00668
   1.65070	   0.00669
   1.65260	   0.00670
   1.65450	   0.00671
   1.65640	   0.00672
   1.65830	   0.00669
   1.66020	   0.00673
   1.66210	   0.00673
   1.66400	   0.00674
   1.66590	   0.00676
   1.66790	   0.00678
   1.66980	   0.00679
   1.67170	   0.00681
   1.67360	   0.00684
   1.67550	   0.00685
   1.67740	   0.00686
   1.67930	   0.00690
   1.68120	   0.00690
   1.68310	   0.00693
   1.68500	   0.00695
   1.68690	   0.00698
   1.68880	   0.00698
   1.69080	   0.00701
   1.69270	   0.00704
   1.69460	   0.00707
   1.69650	   0.00707
   1.69840	   0.00712
   1.70030	   0.00713
   1.70220	   0.00716
   1.70410	   0.00718
   1.70600	   0.00720
   1.70790	   0.00723
   1.70990	   0.00725
   1.71180	   0.00728
   1.71370	   0.00730
   1.71560	   0.00731
   1.71750	   0.00735
   1.71940	   0.00738
   1.72130	   0.00740
   1.72320	   0.00741
   1.72510	   0.00744
   1.72700	   0.00747
   1.72900	   0.00748
   1.73090	   0.00752
   1.73280	   0.00754
   1.73470	   0.00757
   1.73660	   0.00758
   1.73850	   0.00761
   1.74040	   0.00766
   1.74230	   0.00767
   1.74420	   0.00770
   1.74610	   0.00772
   1.74800	   0.00775
   1.75000	   0.00778
   1.75190	   0.00781
   1.75380	   0.00786
   1.75570	   0.00787
   1.75760	   0.00789
   1.75950	   0.00793
   1.76140	   0.00797
   1.76330	   0.00813
   1.76520	   0.00815
   1.76710	   0.00820
   1.76910	   0.00824
   1.77100	   0.00827
   1.77290	   0.00831
   1.77480	   0.00833
   1.77670	   0.00837
   1.77860	   0.00840
   1.78050	   0.00844
   1.78240	   0.00846
   1.78430	   0.00850
   1.78620	   0.00853
   1.78810	   0.00856
   1.79000	   0.00860
   1.79190	   0.00865
   1.79380	   0.00869
   1.79580	   0.00871
   1.79770	   0.00875
   1.79960	   0.00879
   1.80150	   0.00882
   1.80340	   0.00885
   1.80530	   0.00889
   1.80720	   0.00894
   1.80910	   0.00898
   1.81100	   0.00903
   1.81290	   0.00905
   1.81480	   0.00909
   1.81670	   0.00912
   1.81860	   0.00917
   1.82050	   0.00923
   1.82250	   0.00927
   1.82440	   0.00930
   1.82630	   0.00934
   1.82820	   0.00938
   1.83010	   0.00942
   1.83200	   0.00946
   1.83390	   0.00951
   1.83580	   0.00955
   1.83770	   0.00959
   1.83960	   0.00963
   1.84150	   0.00968
   1.84340	   0.00972
   1.84530	   0.00978
   1.84730	   0.00981
   1.84920	   0.00986
   1.85110	   0.00990
   1.85300	   0.00994
   1.85490	   0.01000
   1.85680	   0.01005
   1.85870	   0.01009
   1.86060	   0.01014
   1.86250	   0.01019
   1.86440	   0.01024
   1.86630	   0.01029
   1.86820	   0.01033
   1.87010	   0.01038
   1.87200	   0.01044
   1.87400	   0.01049
   1.87590	   0.01055
   1.87780	   0.01060
   1.87970	   0.01066
   1.88160	   0.01071
   1.88350	   0.01077
   1.88540	   0.01083
   1.88730	   0.01087
   1.88920	   0.01094
   1.89110	   0.01101
   1.89300	   0.01107
   1.89490	   0.01114
   1.89680	   0.01120
   1.89880	   0.01126
   1.90070	   0.01133
   1.90260	   0.01139
   1.90450	   0.01148
   1.90640	   0.01154
   1.90830	   0.01162
   1.91020	   0.01168
   1.91210	   0.01177
   1.91410	   0.01183
   1.91600	   0.01189
   1.91800	   0.01199
   1.91990	   0.01208
   1.92180	   0.01218
   1.92370	   0.01226
   1.92560	   0.01234
   1.92750	   0.01242
   1.92950	   0.01252
   1.93140	   0.01262
   1.93330	   0.01270
   1.93520	   0.01277
   1.93710	   0.01289
   1.93900	   0.01297
   1.94090	   0.01306
   1.94280	   0.01316
   1.94470	   0.01326
   1.94660	   0.01337
   1.94850	   0.01346
   1.95040	   0.01357
   1.95230	   0.01366
   1.95420	   0.01376
   1.95620	   0.01386
   1.95810	   0.01396
   1.96000	   0.01407
   1.96190	   0.01418
   1.96380	   0.01429
   1.96570	   0.01440
   1.96760	   0.01452
   1.96950	   0.01463
   1.97140	   0.01477
   1.97340	   0.01493
   1.97530	   0.01508
   1.97720	   0.01523
   1.97910	   0.01538
   1.98100	   0.01554
   1.98290	   0.01572
   1.98480	   0.01590
   1.98670	   0.01607
   1.98870	   0.01625
   1.99060	   0.01646
   1.99260	   0.01666
   1.99450	   0.01688
   1.99640	   0.01711
   1.99830	   0.01735
   2.00020	   0.01759
   2.00210	   0.01786
   2.00410	   0.01813
   2.00600	   0.01841
   2.00790	   0.01870
   2.00980	   0.01902
   2.01180	   0.01935
   2.01370	   0.01971
   2.01560	   0.02009
   2.01750	   0.02051
   2.01940	   0.02094
   2.02130	   0.02140
   2.02320	   0.02190
   2.02520	   0.02246
   2.02710	   0.02304
   2.02900	   0.02368
   2.03090	   0.02436
   2.03280	   0.02511
   2.03480	   0.02593
   2.03670	   0.02681
   2.03860	   0.02776
   2.04050	   0.02880
   2.04250	   0.02994
   2.04440	   0.03117
   2.04630	   0.03253
   2.04820	   0.03402
   2.05010	   0.03564
   2.05200	   0.03738
   2.05390	   0.03929
   2.05590	   0.04136
   2.05780	   0.04358
   2.05970	   0.04603
   2.06170	   0.04928
   2.06360	   0.05373
   2.06570	   0.05837
