5.000000e+01 3.985445e+05 4.723788e+06
5.100000e+01 4.199104e+05 4.904189e+06
5.200000e+01 4.431553e+05 5.093626e+06
5.300000e+01 4.685125e+05 5.292929e+06
5.400000e+01 4.962517e+05 5.503025e+06
5.500000e+01 5.266872e+05 5.724963e+06
5.600000e+01 5.601864e+05 5.959923e+06
5.700000e+01 5.971807e+05 6.209249e+06
5.800000e+01 6.381802e+05 6.474469e+06
5.900000e+01 6.837907e+05 6.757330e+06
6.000000e+01 7.347367e+05 7.059843e+06
6.100000e+01 7.918896e+05 7.384329e+06
6.200000e+01 8.563055e+05 7.733481e+06
6.300000e+01 9.292741e+05 8.110444e+06
6.400000e+01 1.012383e+06 8.518909e+06
6.500000e+01 1.107602e+06 8.963239e+06
6.600000e+01 1.217404e+06 9.448621e+06
6.700000e+01 1.344921e+06 9.981273e+06
6.800000e+01 1.494165e+06 1.056870e+07
6.900000e+01 1.670344e+06 1.122004e+07
7.000000e+01 1.880313e+06 1.194651e+07
7.100000e+01 2.133227e+06 1.276204e+07
7.200000e+01 2.441530e+06 1.368402e+07
7.300000e+01 2.822459e+06 1.473450e+07
7.400000e+01 3.300401e+06 1.594159e+07
7.500000e+01 3.910694e+06 1.734156e+07
7.600000e+01 4.705953e+06 1.898145e+07
7.700000e+01 5.766926e+06 2.092236e+07
7.800000e+01 7.221861e+06 2.324264e+07
7.900000e+01 9.282253e+06 2.603818e+07
8.000000e+01 1.231099e+07 2.940940e+07
8.100000e+01 1.695356e+07 3.339967e+07
8.200000e+01 2.437503e+07 3.776425e+07
8.300000e+01 3.653703e+07 4.118250e+07
8.400000e+01 5.546572e+07 3.905811e+07
8.500000e+01 7.685576e+07 2.159807e+07
8.600000e+01 8.119036e+07 -1.150783e+07
8.700000e+01 6.273831e+07 -3.535155e+07
8.800000e+01 4.190041e+07 -4.121175e+07
8.900000e+01 2.771798e+07 -3.884313e+07
9.000000e+01 1.903061e+07 -3.456438e+07
9.100000e+01 1.365382e+07 -3.041482e+07
9.200000e+01 1.019226e+07 -2.685326e+07
9.300000e+01 7.866601e+06 -2.389020e+07
9.400000e+01 6.242185e+06 -2.143349e+07
9.500000e+01 5.068674e+06 -1.938381e+07
9.600000e+01 4.196101e+06 -1.765732e+07
9.700000e+01 3.531100e+06 -1.618797e+07
9.800000e+01 3.013451e+06 -1.492476e+07
9.900000e+01 2.603064e+06 -1.382841e+07
1.000000e+02 2.272496e+06 -1.286853e+07
1.010000e+02 2.002485e+06 -1.202137e+07
1.020000e+02 1.779209e+06 -1.126823e+07
1.030000e+02 1.592555e+06 -1.059420e+07
1.040000e+02 1.434991e+06 -9.987303e+06
1.050000e+02 1.300819e+06 -9.437795e+06
1.060000e+02 1.185665e+06 -8.937707e+06
1.070000e+02 1.086128e+06 -8.480452e+06
1.080000e+02 9.995345e+05 -8.060545e+06
1.090000e+02 9.237561e+05 -7.673384e+06
1.100000e+02 8.570855e+05 -7.315082e+06
1.110000e+02 7.981385e+05 -6.982334e+06
1.120000e+02 7.457844e+05 -6.672315e+06
1.130000e+02 6.990922e+05 -6.382594e+06
1.140000e+02 6.572896e+05 -6.111069e+06
1.150000e+02 6.197320e+05 -5.855915e+06
1.160000e+02 5.858779e+05 -5.615536e+06
1.170000e+02 5.552699e+05 -5.388536e+06
1.180000e+02 5.275193e+05 -5.173683e+06
1.190000e+02 5.022944e+05 -4.969889e+06
1.200000e+02 4.793107e+05 -4.776190e+06
1.210000e+02 4.583229e+05 -4.591726e+06
1.220000e+02 4.391190e+05 -4.415729e+06
1.230000e+02 4.215147e+05 -4.247512e+06
1.240000e+02 4.053492e+05 -4.086455e+06
1.250000e+02 3.904822e+05 -3.932001e+06
1.260000e+02 3.767903e+05 -3.783647e+06
1.270000e+02 3.641647e+05 -3.640934e+06
1.280000e+02 3.525097e+05 -3.503448e+06
1.290000e+02 3.417404e+05 -3.370809e+06
1.300000e+02 3.317812e+05 -3.242673e+06
1.310000e+02 3.225653e+05 -3.118723e+06
1.320000e+02 3.140326e+05 -2.998667e+06
1.330000e+02 3.061299e+05 -2.882239e+06
1.340000e+02 2.988092e+05 -2.769193e+06
1.350000e+02 2.920276e+05 -2.659301e+06
1.360000e+02 2.857465e+05 -2.552351e+06
1.370000e+02 2.799313e+05 -2.448150e+06
1.380000e+02 2.745507e+05 -2.346514e+06
1.390000e+02 2.695765e+05 -2.247275e+06
1.400000e+02 2.649833e+05 -2.150274e+06
1.410000e+02 2.607482e+05 -2.055363e+06
1.420000e+02 2.568505e+05 -1.962405e+06
1.430000e+02 2.532713e+05 -1.871267e+06
1.440000e+02 2.499938e+05 -1.781829e+06
1.450000e+02 2.470028e+05 -1.693973e+06
1.460000e+02 2.442845e+05 -1.607591e+06
1.470000e+02 2.418265e+05 -1.522578e+06
1.480000e+02 2.396177e+05 -1.438836e+06
1.490000e+02 2.376482e+05 -1.356271e+06
1.500000e+02 2.359091e+05 -1.274793e+06
1.510000e+02 2.343925e+05 -1.194316e+06
1.520000e+02 2.330916e+05 -1.114758e+06
1.530000e+02 2.320002e+05 -1.036039e+06
1.540000e+02 2.311131e+05 -9.580826e+05
1.550000e+02 2.304259e+05 -8.808152e+05
1.560000e+02 2.299348e+05 -8.041645e+05
1.570000e+02 2.296370e+05 -7.280606e+05
1.580000e+02 2.295301e+05 -6.524352e+05
1.590000e+02 2.296125e+05 -5.772214e+05
1.600000e+02 2.298833e+05 -5.023533e+05
1.610000e+02 2.303421e+05 -4.277661e+05
1.620000e+02 2.309894e+05 -3.533959e+05
1.630000e+02 2.318261e+05 -2.791788e+05
1.640000e+02 2.328539e+05 -2.050517e+05
1.650000e+02 2.340751e+05 -1.309513e+05
1.660000e+02 2.354928e+05 -5.681407e+04
1.670000e+02 2.371106e+05 1.742370e+04
1.680000e+02 2.389330e+05 9.182643e+04
1.690000e+02 2.409652e+05 1.664593e+05
1.700000e+02 2.432132e+05 2.413887e+05
1.710000e+02 2.456838e+05 3.166821e+05
1.720000e+02 2.483849e+05 3.924086e+05
1.730000e+02 2.513250e+05 4.686393e+05
1.740000e+02 2.545139e+05 5.454471e+05
1.750000e+02 2.579624e+05 6.229076e+05
1.760000e+02 2.616825e+05 7.010989e+05
1.770000e+02 2.656876e+05 7.801024e+05
1.780000e+02 2.699923e+05 8.600027e+05
1.790000e+02 2.746128e+05 9.408883e+05
1.800000e+02 2.795671e+05 1.022852e+06
1.810000e+02 2.848750e+05 1.105992e+06
1.820000e+02 2.905583e+05 1.190410e+06
1.830000e+02 2.966410e+05 1.276215e+06
1.840000e+02 3.031497e+05 1.363523e+06
1.850000e+02 3.101138e+05 1.452456e+06
1.860000e+02 3.175657e+05 1.543144e+06
1.870000e+02 3.255414e+05 1.635725e+06
1.880000e+02 3.340808e+05 1.730350e+06
1.890000e+02 3.432279e+05 1.827177e+06
1.900000e+02 3.530319e+05 1.926378e+06
1.910000e+02 3.635476e+05 2.028139e+06
1.920000e+02 3.748359e+05 2.132658e+06
1.930000e+02 3.869652e+05 2.240153e+06
1.940000e+02 4.000117e+05 2.350858e+06
1.950000e+02 4.140614e+05 2.465029e+06
1.960000e+02 4.292108e+05 2.582944e+06
1.970000e+02 4.455689e+05 2.704910e+06
1.980000e+02 4.632589e+05 2.831260e+06
1.990000e+02 4.824209e+05 2.962363e+06
2.000000e+02 5.032141e+05 3.098622e+06
2.010000e+02 5.258205e+05 3.240486e+06
2.020000e+02 5.504486e+05 3.388452e+06
2.030000e+02 5.773380e+05 3.543071e+06
2.040000e+02 6.067658e+05 3.704958e+06
2.050000e+02 6.390530e+05 3.874801e+06
2.060000e+02 6.745732e+05 4.053372e+06
2.070000e+02 7.137637e+05 4.241540e+06
2.080000e+02 7.571385e+05 4.440287e+06
2.090000e+02 8.053050e+05 4.650725e+06
2.100000e+02 8.589849e+05 4.874121e+06
2.110000e+02 9.190407e+05 5.111922e+06
2.120000e+02 9.865102e+05 5.365787e+06
2.130000e+02 1.062650e+06 5.637629e+06
2.140000e+02 1.148993e+06 5.929659e+06
2.150000e+02 1.247425e+06 6.244447e+06
2.160000e+02 1.360282e+06 6.584992e+06
2.170000e+02 1.490488e+06 6.954810e+06
2.180000e+02 1.641737e+06 7.358039e+06
2.190000e+02 1.818746e+06 7.799570e+06
2.200000e+02 2.027607e+06 8.285201e+06
2.210000e+02 2.276284e+06 8.821817e+06
2.220000e+02 2.575335e+06 9.417598e+06
2.230000e+02 2.938951e+06 1.008222e+07
2.240000e+02 3.386514e+06 1.082702e+07
2.250000e+02 3.944928e+06 1.166498e+07
2.260000e+02 4.652186e+06 1.261029e+07
2.270000e+02 5.562873e+06 1.367679e+07
2.280000e+02 6.756654e+06 1.487407e+07
2.290000e+02 8.351126e+06 1.619788e+07
2.300000e+02 1.051996e+07 1.760810e+07
2.310000e+02 1.351305e+07 1.897930e+07
2.320000e+02 1.765746e+07 1.999568e+07
2.330000e+02 2.325824e+07 1.995834e+07
2.340000e+02 3.018690e+07 1.757643e+07
2.350000e+02 3.695939e+07 1.129032e+07
2.360000e+02 4.031434e+07 1.147540e+06
2.370000e+02 3.790326e+07 -9.404173e+06
2.380000e+02 3.145469e+07 -1.646828e+07
2.390000e+02 2.437658e+07 -1.943243e+07
2.400000e+02 1.849868e+07 -1.976157e+07
2.410000e+02 1.411085e+07 -1.885391e+07
2.420000e+02 1.093950e+07 -1.750371e+07
2.430000e+02 8.647473e+06 -1.607842e+07
2.440000e+02 6.969004e+06 -1.472720e+07
2.450000e+02 5.717720e+06 -1.350023e+07
2.460000e+02 4.767254e+06 -1.240567e+07
2.470000e+02 4.032152e+06 -1.143519e+07
2.480000e+02 3.454040e+06 -1.057511e+07
2.490000e+02 2.992428e+06 -9.811007e+06
2.500000e+02 2.618748e+06 -9.129506e+06
2.510000e+02 2.312490e+06 -8.518891e+06
2.520000e+02 2.058686e+06 -7.969134e+06
2.530000e+02 1.846236e+06 -7.471754e+06
2.540000e+02 1.666790e+06 -7.019612e+06
2.550000e+02 1.513980e+06 -6.606700e+06
2.560000e+02 1.382887e+06 -6.227953e+06
2.570000e+02 1.269668e+06 -5.879087e+06
2.580000e+02 1.171288e+06 -5.556468e+06
2.590000e+02 1.085328e+06 -5.256995e+06
2.600000e+02 1.009840e+06 -4.978015e+06
2.610000e+02 9.432409e+05 -4.717246e+06
2.620000e+02 8.842385e+05 -4.472713e+06
2.630000e+02 8.317664e+05 -4.242707e+06
2.640000e+02 7.849400e+05 -4.025734e+06
2.650000e+02 7.430206e+05 -3.820489e+06
2.660000e+02 7.053879e+05 -3.625824e+06
2.670000e+02 6.715181e+05 -3.440727e+06
2.680000e+02 6.409664e+05 -3.264300e+06
2.690000e+02 6.133536e+05 -3.095746e+06
2.700000e+02 5.883550e+05 -2.934354e+06
2.710000e+02 5.656910e+05 -2.779486e+06
2.720000e+02 5.451206e+05 -2.630569e+06
2.730000e+02 5.264347e+05 -2.487089e+06
2.740000e+02 5.094518e+05 -2.348577e+06
2.750000e+02 4.940135e+05 -2.214609e+06
2.760000e+02 4.799817e+05 -2.084801e+06
2.770000e+02 4.672351e+05 -1.958798e+06
2.780000e+02 4.556677e+05 -1.836278e+06
2.790000e+02 4.451860e+05 -1.716943e+06
2.800000e+02 4.357081e+05 -1.600519e+06
2.810000e+02 4.271617e+05 -1.486752e+06
2.820000e+02 4.194832e+05 -1.375405e+06
2.830000e+02 4.126169e+05 -1.266258e+06
2.840000e+02 4.065136e+05 -1.159105e+06
2.850000e+02 4.011305e+05 -1.053752e+06
2.860000e+02 3.964300e+05 -9.500159e+05
2.870000e+02 3.923797e+05 -8.477244e+05
2.880000e+02 3.889514e+05 -7.467123e+05
2.890000e+02 3.861214e+05 -6.468225e+05
2.900000e+02 3.838694e+05 -5.479039e+05
2.910000e+02 3.821790e+05 -4.498111e+05
2.920000e+02 3.810370e+05 -3.524033e+05
2.930000e+02 3.804333e+05 -2.555433e+05
2.940000e+02 3.803610e+05 -1.590970e+05
2.950000e+02 3.808158e+05 -6.293276e+04
2.960000e+02 3.817967e+05 3.307976e+04
2.970000e+02 3.833053e+05 1.290698e+05
2.980000e+02 3.853461e+05 2.251664e+05
2.990000e+02 3.879265e+05 3.214992e+05
3.000000e+02 3.910568e+05 4.181986e+05
3.010000e+02 3.947505e+05 5.153972e+05
3.020000e+02 3.990241e+05 6.132298e+05
3.030000e+02 4.038977e+05 7.118346e+05
3.040000e+02 4.093949e+05 8.113539e+05
3.050000e+02 4.155432e+05 9.119345e+05
3.060000e+02 4.223741e+05 1.013729e+06
3.070000e+02 4.299241e+05 1.116897e+06
3.080000e+02 4.382343e+05 1.221605e+06
3.090000e+02 4.473515e+05 1.328029e+06
3.100000e+02 4.573287e+05 1.436354e+06
3.110000e+02 4.682257e+05 1.546778e+06
3.120000e+02 4.801099e+05 1.659508e+06
3.130000e+02 4.930574e+05 1.774769e+06
3.140000e+02 5.071543e+05 1.892802e+06
3.150000e+02 5.224973e+05 2.013863e+06
3.160000e+02 5.391963e+05 2.138231e+06
3.170000e+02 5.573755e+05 2.266208e+06
3.180000e+02 5.771755e+05 2.398121e+06
3.190000e+02 5.987566e+05 2.534327e+06
3.200000e+02 6.223010e+05 2.675217e+06
3.210000e+02 6.480170e+05 2.821217e+06
3.220000e+02 6.761431e+05 2.972800e+06
3.230000e+02 7.069534e+05 3.130482e+06
3.240000e+02 7.407639e+05 3.294839e+06
3.250000e+02 7.779401e+05 3.466508e+06
3.260000e+02 8.189067e+05 3.646198e+06
3.270000e+02 8.641587e+05 3.834701e+06
3.280000e+02 9.142762e+05 4.032906e+06
3.290000e+02 9.699421e+05 4.241808e+06
3.300000e+02 1.031964e+06 4.462533e+06
3.310000e+02 1.101302e+06 4.696352e+06
3.320000e+02 1.179105e+06 4.944707e+06
3.330000e+02 1.266755e+06 5.209237e+06
3.340000e+02 1.365927e+06 5.491814e+06
3.350000e+02 1.478663e+06 5.794580e+06
3.360000e+02 1.607472e+06 6.119988e+06
3.370000e+02 1.755461e+06 6.470857e+06
3.380000e+02 1.926512e+06 6.850425e+06
3.390000e+02 2.125514e+06 7.262409e+06
3.400000e+02 2.358689e+06 7.711067e+06
3.410000e+02 2.634035e+06 8.201240e+06
3.420000e+02 2.961936e+06 8.738366e+06
3.430000e+02 3.356033e+06 9.328417e+06
3.440000e+02 3.834437e+06 9.977674e+06
3.450000e+02 4.421476e+06 1.069219e+07
3.460000e+02 5.150150e+06 1.147663e+07
3.470000e+02 6.065599e+06 1.233193e+07
3.480000e+02 7.229789e+06 1.325062e+07
3.490000e+02 8.727339e+06 1.420775e+07
3.500000e+02 1.067110e+07 1.514367e+07
3.510000e+02 1.320218e+07 1.593244e+07
3.520000e+02 1.646897e+07 1.632895e+07
3.530000e+02 2.054852e+07 1.589910e+07
3.540000e+02 2.525123e+07 1.399025e+07
3.550000e+02 2.981070e+07 9.925566e+06
3.560000e+02 3.278511e+07 3.639196e+06
3.570000e+02 3.281681e+07 -3.651750e+06
3.580000e+02 2.989572e+07 -9.965614e+06
3.590000e+02 2.536804e+07 -1.407092e+07
3.600000e+02 2.067785e+07 -1.601955e+07
3.610000e+02 1.659896e+07 -1.648220e+07
3.620000e+02 1.332705e+07 -1.611086e+07
3.630000e+02 1.078866e+07 -1.534102e+07
3.640000e+02 8.837144e+06 -1.441939e+07
3.650000e+02 7.332176e+06 -1.347324e+07
3.660000e+02 6.161207e+06 -1.256318e+07
3.670000e+02 5.239690e+06 -1.171483e+07
3.680000e+02 4.505636e+06 -1.093614e+07
3.690000e+02 3.913844e+06 -1.022650e+07
3.700000e+02 3.431243e+06 -9.581488e+06
3.710000e+02 3.033438e+06 -8.995225e+06
3.720000e+02 2.702251e+06 -8.461553e+06
3.730000e+02 2.423988e+06 -7.974595e+06
3.740000e+02 2.188215e+06 -7.528985e+06
3.750000e+02 1.986894e+06 -7.119936e+06
3.760000e+02 1.813769e+06 -6.743235e+06
3.770000e+02 1.663919e+06 -6.395196e+06
3.780000e+02 1.533437e+06 -6.072611e+06
3.790000e+02 1.419193e+06 -5.772683e+06
3.800000e+02 1.318660e+06 -5.492978e+06
3.810000e+02 1.229779e+06 -5.231370e+06
3.820000e+02 1.150862e+06 -4.986003e+06
3.830000e+02 1.080513e+06 -4.755247e+06
3.840000e+02 1.017573e+06 -4.537674e+06
3.850000e+02 9.610720e+05 -4.332020e+06
3.860000e+02 9.101939e+05 -4.137172e+06
3.870000e+02 8.642484e+05 -3.952141e+06
3.880000e+02 8.226485e+05 -3.776049e+06
3.890000e+02 7.848931e+05 -3.608111e+06
3.900000e+02 7.505520e+05 -3.447626e+06
3.910000e+02 7.192546e+05 -3.293965e+06
3.920000e+02 6.906805e+05 -3.146562e+06
3.930000e+02 6.645512e+05 -3.004906e+06
3.940000e+02 6.406244e+05 -2.868536e+06
3.950000e+02 6.186881e+05 -2.737033e+06
3.960000e+02 5.985564e+05 -2.610015e+06
3.970000e+02 5.800661e+05 -2.487136e+06
3.980000e+02 5.630731e+05 -2.368077e+06
3.990000e+02 5.474502e+05 -2.252547e+06
4.000000e+02 5.330848e+05 -2.140279e+06
4.010000e+02 5.198769e+05 -2.031027e+06
4.020000e+02 5.077377e+05 -1.924561e+06
4.030000e+02 4.965881e+05 -1.820673e+06
4.040000e+02 4.863577e+05 -1.719165e+06
4.050000e+02 4.769837e+05 -1.619856e+06
4.060000e+02 4.684100e+05 -1.522575e+06
4.070000e+02 4.605867e+05 -1.427162e+06
4.080000e+02 4.534690e+05 -1.333469e+06
4.090000e+02 4.470172e+05 -1.241355e+06
4.100000e+02 4.411959e+05 -1.150686e+06
4.110000e+02 4.359736e+05 -1.061336e+06
4.120000e+02 4.313224e+05 -9.731870e+05
4.130000e+02 4.272178e+05 -8.861237e+05
4.140000e+02 4.236381e+05 -8.000374e+05
4.150000e+02 4.205647e+05 -7.148236e+05
4.160000e+02 4.179813e+05 -6.303815e+05
4.170000e+02 4.158741e+05 -5.466139e+05
4.180000e+02 4.142317e+05 -4.634264e+05
4.190000e+02 4.130448e+05 -3.807271e+05
4.200000e+02 4.123061e+05 -2.984263e+05
4.210000e+02 4.120105e+05 -2.164360e+05
4.220000e+02 4.121546e+05 -1.346692e+05
4.230000e+02 4.127371e+05 -5.304026e+04
4.240000e+02 4.137585e+05 2.853608e+04
4.250000e+02 4.152211e+05 1.101448e+05
4.260000e+02 4.171294e+05 1.918710e+05
4.270000e+02 4.194895e+05 2.738002e+05
4.280000e+02 4.223097e+05 3.560189e+05
4.290000e+02 4.256003e+05 4.386146e+05
4.300000e+02 4.293736e+05 5.216763e+05
4.310000e+02 4.336445e+05 6.052951e+05
4.320000e+02 4.384300e+05 6.895645e+05
4.330000e+02 4.437497e+05 7.745805e+05
4.340000e+02 4.496259e+05 8.604425e+05
4.350000e+02 4.560841e+05 9.472534e+05
4.360000e+02 4.631526e+05 1.035121e+06
4.370000e+02 4.708635e+05 1.124156e+06
4.380000e+02 4.792525e+05 1.214477e+06
4.390000e+02 4.883597e+05 1.306206e+06
4.400000e+02 4.982297e+05 1.399474e+06
4.410000e+02 5.089121e+05 1.494418e+06
4.420000e+02 5.204625e+05 1.591183e+06
4.430000e+02 5.329428e+05 1.689924e+06
4.440000e+02 5.464218e+05 1.790807e+06
4.450000e+02 5.609766e+05 1.894007e+06
4.460000e+02 5.766932e+05 1.999714e+06
4.470000e+02 5.936678e+05 2.108130e+06
4.480000e+02 6.120085e+05 2.219476e+06
4.490000e+02 6.318362e+05 2.333986e+06
4.500000e+02 6.532871e+05 2.451917e+06
4.510000e+02 6.765148e+05 2.573545e+06
4.520000e+02 7.016927e+05 2.699172e+06
4.530000e+02 7.290170e+05 2.829128e+06
4.540000e+02 7.587106e+05 2.963771e+06
4.550000e+02 7.910274e+05 3.103493e+06
4.560000e+02 8.262570e+05 3.248727e+06
4.570000e+02 8.647316e+05 3.399948e+06
4.580000e+02 9.068325e+05 3.557677e+06
4.590000e+02 9.530001e+05 3.722493e+06
4.600000e+02 1.003744e+06 3.895035e+06
4.610000e+02 1.059656e+06 4.076014e+06
4.620000e+02 1.121429e+06 4.266218e+06
4.630000e+02 1.189874e+06 4.466526e+06
4.640000e+02 1.265945e+06 4.677918e+06
4.650000e+02 1.350776e+06 4.901489e+06
4.660000e+02 1.445711e+06 5.138465e+06
4.670000e+02 1.552364e+06 5.390215e+06
4.680000e+02 1.672675e+06 5.658273e+06
4.690000e+02 1.808993e+06 5.944352e+06
4.700000e+02 1.964185e+06 6.250360e+06
4.710000e+02 2.141766e+06 6.578414e+06
4.720000e+02 2.346082e+06 6.930841e+06
4.730000e+02 2.582543e+06 7.310167e+06
4.740000e+02 2.857932e+06 7.719071e+06
4.750000e+02 3.180820e+06 8.160288e+06
4.760000e+02 3.562113e+06 8.636417e+06
4.770000e+02 4.015785e+06 9.149575e+06
4.780000e+02 4.559836e+06 9.700768e+06
4.790000e+02 5.217541e+06 1.028880e+07
4.800000e+02 6.018995e+06 1.090841e+07
4.810000e+02 7.002870e+06 1.154701e+07
4.820000e+02 8.217998e+06 1.217936e+07
4.830000e+02 9.723662e+06 1.275865e+07
4.840000e+02 1.158593e+07 1.320280e+07
4.850000e+02 1.386430e+07 1.337522e+07
4.860000e+02 1.657832e+07 1.306435e+07
4.870000e+02 1.964183e+07 1.197973e+07
4.880000e+02 2.276749e+07 9.807180e+06
4.890000e+02 2.540369e+07 6.376218e+06
4.900000e+02 2.684905e+07 1.907928e+06
4.910000e+02 2.661945e+07 -2.891406e+06
4.920000e+02 2.479927e+07 -7.132693e+06
4.930000e+02 2.197478e+07 -1.022921e+07
4.940000e+02 1.883273e+07 -1.208741e+07
4.950000e+02 1.585327e+07 -1.293918e+07
4.960000e+02 1.325967e+07 -1.310229e+07
4.970000e+02 1.110134e+07 -1.284701e+07
4.980000e+02 9.343549e+06 -1.236260e+07
4.990000e+02 7.923317e+06 -1.176867e+07
5.000000e+02 6.776029e+06 -1.113612e+07
5.010000e+02 5.845375e+06 -1.050491e+07
5.020000e+02 5.085566e+06 -9.896263e+06
5.030000e+02 4.460541e+06 -9.320487e+06
5.040000e+02 3.942289e+06 -8.781605e+06
5.050000e+02 3.509147e+06 -8.280156e+06
5.060000e+02 3.144337e+06 -7.814823e+06
5.070000e+02 2.834815e+06 -7.383370e+06
5.080000e+02 2.570375e+06 -6.983182e+06
5.090000e+02 2.342979e+06 -6.611564e+06
5.100000e+02 2.146248e+06 -6.265902e+06
5.110000e+02 1.975087e+06 -5.943748e+06
5.120000e+02 1.825389e+06 -5.642849e+06
5.130000e+02 1.693828e+06 -5.361163e+06
5.140000e+02 1.577684e+06 -5.096849e+06
5.150000e+02 1.474725e+06 -4.848253e+06
5.160000e+02 1.383102e+06 -4.613896e+06
5.170000e+02 1.301278e+06 -4.392456e+06
5.180000e+02 1.227967e+06 -4.182749e+06
5.190000e+02 1.162085e+06 -3.983717e+06
5.200000e+02 1.102718e+06 -3.794409e+06
5.210000e+02 1.049086e+06 -3.613975e+06
5.220000e+02 1.000527e+06 -3.441648e+06
5.230000e+02 9.564712e+05 -3.276739e+06
5.240000e+02 9.164278e+05 -3.118624e+06
5.250000e+02 8.799740e+05 -2.966741e+06
5.260000e+02 8.467427e+05 -2.820578e+06
5.270000e+02 8.164147e+05 -2.679671e+06
5.280000e+02 7.887114e+05 -2.543596e+06
5.290000e+02 7.633890e+05 -2.411967e+06
5.300000e+02 7.402340e+05 -2.284430e+06
5.310000e+02 7.190581e+05 -2.160659e+06
5.320000e+02 6.996960e+05 -2.040356e+06
5.330000e+02 6.820016e+05 -1.923244e+06
5.340000e+02 6.658455e+05 -1.809067e+06
5.350000e+02 6.511138e+05 -1.697589e+06
5.360000e+02 6.377052e+05 -1.588589e+06
5.370000e+02 6.255301e+05 -1.481860e+06
5.380000e+02 6.145093e+05 -1.377210e+06
5.390000e+02 6.045727e+05 -1.274457e+06
5.400000e+02 5.956584e+05 -1.173432e+06
5.410000e+02 5.877118e+05 -1.073972e+06
5.420000e+02 5.806851e+05 -9.759254e+05
5.430000e+02 5.745364e+05 -8.791453e+05
5.440000e+02 5.692295e+05 -7.834928e+05
5.450000e+02 5.647334e+05 -6.888345e+05
5.460000e+02 5.610215e+05 -5.950417e+05
5.470000e+02 5.580720e+05 -5.019901e+05
5.480000e+02 5.558672e+05 -4.095590e+05
5.490000e+02 5.543933e+05 -3.176304e+05
5.500000e+02 5.536402e+05 -2.260892e+05
5.510000e+02 5.536018e+05 -1.348217e+05
5.520000e+02 5.542755e+05 -4.371574e+04
5.530000e+02 5.556622e+05 4.734008e+04
5.540000e+02 5.577665e+05 1.384569e+05
5.550000e+02 5.605966e+05 2.297462e+05
5.560000e+02 5.641644e+05 3.213201e+05
5.570000e+02 5.684856e+05 4.132922e+05
5.580000e+02 5.735798e+05 5.057776e+05
5.590000e+02 5.794711e+05 5.988940e+05
5.600000e+02 5.861876e+05 6.927622e+05
5.610000e+02 5.937625e+05 7.875063e+05
5.620000e+02 6.022339e+05 8.832545e+05
5.630000e+02 6.116454e+05 9.801402e+05
5.640000e+02 6.220467e+05 1.078302e+06
5.650000e+02 6.334941e+05 1.177885e+06
5.660000e+02 6.460512e+05 1.279042e+06
5.670000e+02 6.597895e+05 1.381934e+06
5.680000e+02 6.747898e+05 1.486728e+06
5.690000e+02 6.911425e+05 1.593606e+06
5.700000e+02 7.089495e+05 1.702758e+06
5.710000e+02 7.283256e+05 1.814388e+06
5.720000e+02 7.493995e+05 1.928714e+06
5.730000e+02 7.723165e+05 2.045968e+06
5.740000e+02 7.972405e+05 2.166403e+06
5.750000e+02 8.243564e+05 2.290287e+06
5.760000e+02 8.538736e+05 2.417914e+06
5.770000e+02 8.860297e+05 2.549599e+06
5.780000e+02 9.210943e+05 2.685686e+06
5.790000e+02 9.593752e+05 2.826545e+06
5.800000e+02 1.001224e+06 2.972585e+06
5.810000e+02 1.047042e+06 3.124245e+06
5.820000e+02 1.097293e+06 3.282011e+06
5.830000e+02 1.152510e+06 3.446411e+06
5.840000e+02 1.213310e+06 3.618023e+06
5.850000e+02 1.280411e+06 3.797482e+06
5.860000e+02 1.354647e+06 3.985483e+06
5.870000e+02 1.436996e+06 4.182788e+06
5.880000e+02 1.528608e+06 4.390231e+06
5.890000e+02 1.630840e+06 4.608724e+06
5.900000e+02 1.745303e+06 4.839258e+06
5.910000e+02 1.873913e+06 5.082909e+06
5.920000e+02 2.018969e+06 5.340832e+06
5.930000e+02 2.183236e+06 5.614254e+06
5.940000e+02 2.370060e+06 5.904453e+06
5.950000e+02 2.583508e+06 6.212723e+06
5.960000e+02 2.828552e+06 6.540309e+06
5.970000e+02 3.111296e+06 6.888305e+06
5.980000e+02 3.439264e+06 7.257479e+06
5.990000e+02 3.821763e+06 7.648001e+06
6.000000e+02 4.270326e+06 8.059014e+06
6.010000e+02 4.799230e+06 8.487950e+06
6.020000e+02 5.426079e+06 8.929473e+06
6.030000e+02 6.172341e+06 9.373846e+06
6.040000e+02 7.063654e+06 9.804449e+06
6.050000e+02 8.129427e+06 1.019412e+07
6.060000e+02 9.400851e+06 1.049997e+07
6.070000e+02 1.090569e+07 1.065685e+07
6.080000e+02 1.265728e+07 1.057045e+07
6.090000e+02 1.463475e+07 1.011424e+07
6.100000e+02 1.675339e+07 9.138921e+06
6.110000e+02 1.883318e+07 7.507850e+06
6.120000e+02 2.059067e+07 5.167022e+06
6.130000e+02 2.169284e+07 2.228648e+06
6.140000e+02 2.188423e+07 -9.976985e+05
6.150000e+02 2.111891e+07 -4.090084e+06
6.160000e+02 1.958652e+07 -6.681615e+06
6.170000e+02 1.760774e+07 -8.585809e+06
6.180000e+02 1.549343e+07 -9.803526e+06
6.190000e+02 1.346244e+07 -1.044939e+07
6.200000e+02 1.163137e+07 -1.067255e+07
6.210000e+02 1.004124e+07 -1.060898e+07
6.220000e+02 8.689222e+06 -1.036424e+07
6.230000e+02 7.551889e+06 -1.001322e+07
6.240000e+02 6.599080e+06 -9.606099e+06
6.250000e+02 5.800847e+06 -9.175236e+06
6.260000e+02 5.130406e+06 -8.740773e+06
6.270000e+02 4.565013e+06 -8.314799e+06
6.280000e+02 4.085869e+06 -7.904205e+06
6.290000e+02 3.677656e+06 -7.512576e+06
6.300000e+02 3.327972e+06 -7.141434e+06
6.310000e+02 3.026797e+06 -6.791039e+06
6.320000e+02 2.766025e+06 -6.460901e+06
6.330000e+02 2.539084e+06 -6.150102e+06
6.340000e+02 2.340623e+06 -5.857508e+06
6.350000e+02 2.166268e+06 -5.581891e+06
6.360000e+02 2.012425e+06 -5.322012e+06
6.370000e+02 1.876124e+06 -5.076663e+06
6.380000e+02 1.754902e+06 -4.844697e+06
6.390000e+02 1.646704e+06 -4.625040e+06
6.400000e+02 1.549808e+06 -4.416695e+06
6.410000e+02 1.462762e+06 -4.218745e+06
6.420000e+02 1.384337e+06 -4.030349e+06
6.430000e+02 1.313491e+06 -3.850735e+06
6.440000e+02 1.249331e+06 -3.679201e+06
6.450000e+02 1.191095e+06 -3.515104e+06
6.460000e+02 1.138124e+06 -3.357859e+06
6.470000e+02 1.089851e+06 -3.206932e+06
6.480000e+02 1.045783e+06 -3.061832e+06
6.490000e+02 1.005493e+06 -2.922114e+06
6.500000e+02 9.686062e+05 -2.787368e+06
6.510000e+02 9.347964e+05 -2.657218e+06
6.520000e+02 9.037767e+05 -2.531321e+06
6.530000e+02 8.752945e+05 -2.409359e+06
6.540000e+02 8.491273e+05 -2.291040e+06
6.550000e+02 8.250784e+05 -2.176094e+06
6.560000e+02 8.029735e+05 -2.064272e+06
6.570000e+02 7.826580e+05 -1.955341e+06
6.580000e+02 7.639944e+05 -1.849087e+06
6.590000e+02 7.468605e+05 -1.745311e+06
6.600000e+02 7.311474e+05 -1.643824e+06
6.610000e+02 7.167580e+05 -1.544453e+06
6.620000e+02 7.036057e+05 -1.447034e+06
6.630000e+02 6.916133e+05 -1.351413e+06
6.640000e+02 6.807120e+05 -1.257444e+06
6.650000e+02 6.708405e+05 -1.164992e+06
6.660000e+02 6.619444e+05 -1.073925e+06
6.670000e+02 6.539753e+05 -9.841213e+05
6.680000e+02 6.468905e+05 -8.954627e+05
6.690000e+02 6.406526e+05 -8.078370e+05
6.700000e+02 6.352286e+05 -7.211364e+05
6.710000e+02 6.305902e+05 -6.352573e+05
6.720000e+02 6.267129e+05 -5.500995e+05
6.730000e+02 6.235761e+05 -4.655662e+05
6.740000e+02 6.211630e+05 -3.815632e+05
6.750000e+02 6.194600e+05 -2.979984e+05
6.760000e+02 6.184569e+05 -2.147817e+05
6.770000e+02 6.181465e+05 -1.318246e+05
6.780000e+02 6.185251e+05 -4.903977e+04
6.790000e+02 6.195916e+05 3.365956e+04
6.800000e+02 6.213482e+05 1.163595e+05
6.810000e+02 6.238002e+05 1.991462e+05
6.820000e+02 6.269557e+05 2.821058e+05
6.830000e+02 6.308263e+05 3.653253e+05
6.840000e+02 6.354266e+05 4.488925e+05
6.850000e+02 6.407746e+05 5.328963e+05
6.860000e+02 6.468920e+05 6.174276e+05
6.870000e+02 6.538039e+05 7.025789e+05
6.880000e+02 6.615398e+05 7.884452e+05
6.890000e+02 6.701330e+05 8.751245e+05
6.900000e+02 6.796217e+05 9.627178e+05
6.910000e+02 6.900487e+05 1.051330e+06
6.920000e+02 7.014624e+05 1.141069e+06
6.930000e+02 7.139169e+05 1.232049e+06
6.940000e+02 7.274727e+05 1.324388e+06
6.950000e+02 7.421977e+05 1.418211e+06
6.960000e+02 7.581671e+05 1.513649e+06
6.970000e+02 7.754650e+05 1.610838e+06
6.980000e+02 7.941854e+05 1.709925e+06
6.990000e+02 8.144327e+05 1.811063e+06
7.000000e+02 8.363237e+05 1.914417e+06
7.010000e+02 8.599886e+05 2.020159e+06
7.020000e+02 8.855732e+05 2.128474e+06
7.030000e+02 9.132403e+05 2.239560e+06
7.040000e+02 9.431728e+05 2.353629e+06
7.050000e+02 9.755758e+05 2.470905e+06
7.060000e+02 1.010680e+06 2.591631e+06
7.070000e+02 1.048745e+06 2.716067e+06
7.080000e+02 1.090066e+06 2.844491e+06
7.090000e+02 1.134974e+06 2.977204e+06
7.100000e+02 1.183846e+06 3.114527e+06
7.110000e+02 1.237112e+06 3.256807e+06
7.120000e+02 1.295261e+06 3.404417e+06
7.130000e+02 1.358853e+06 3.557757e+06
7.140000e+02 1.428530e+06 3.717256e+06
7.150000e+02 1.505029e+06 3.883373e+06
7.160000e+02 1.589204e+06 4.056599e+06
7.170000e+02 1.682042e+06 4.237452e+06
7.180000e+02 1.784688e+06 4.426482e+06
7.190000e+02 1.898478e+06 4.624259e+06
7.200000e+02 2.024975e+06 4.831372e+06
7.210000e+02 2.166011e+06 5.048414e+06
7.220000e+02 2.323743e+06 5.275965e+06
7.230000e+02 2.500718e+06 5.514563e+06
7.240000e+02 2.699953e+06 5.764661e+06
7.250000e+02 2.925029e+06 6.026565e+06
7.260000e+02 3.180207e+06 6.300345e+06
7.270000e+02 3.470558e+06 6.585703e+06
7.280000e+02 3.802126e+06 6.881780e+06
7.290000e+02 4.182089e+06 7.186882e+06
7.300000e+02 4.618941e+06 7.498091e+06
7.310000e+02 5.122642e+06 7.810706e+06
7.320000e+02 5.704703e+06 8.117463e+06
7.330000e+02 6.378093e+06 8.407462e+06
7.340000e+02 7.156816e+06 8.664736e+06
7.350000e+02 8.054873e+06 8.866426e+06
7.360000e+02 9.084171e+06 8.980668e+06
7.370000e+02 1.025081e+07 8.964561e+06
7.380000e+02 1.154912e+07 8.763124e+06
7.390000e+02 1.295308e+07 8.311015e+06
7.400000e+02 1.440625e+07 7.539705e+06
7.410000e+02 1.581357e+07 6.392908e+06
7.420000e+02 1.704222e+07 4.850538e+06
7.430000e+02 1.793983e+07 2.954738e+06
7.440000e+02 1.837221e+07 8.231537e+05
7.450000e+02 1.826846e+07 -1.366312e+06
7.460000e+02 1.764839e+07 -3.420208e+06
7.470000e+02 1.661434e+07 -5.182524e+06
7.480000e+02 1.531295e+07 -6.567865e+06
7.490000e+02 1.389090e+07 -7.562936e+06
7.500000e+02 1.246530e+07 -8.205708e+06
7.510000e+02 1.111389e+07 -8.559157e+06
7.520000e+02 9.879081e+06 -8.690888e+06
7.530000e+02 8.777426e+06 -8.661619e+06
7.540000e+02 7.809197e+06 -8.520725e+06
7.550000e+02 6.965739e+06 -8.305947e+06
7.560000e+02 6.234361e+06 -8.044953e+06
7.570000e+02 5.601259e+06 -7.757428e+06
7.580000e+02 5.053089e+06 -7.457049e+06
7.590000e+02 4.577711e+06 -7.153110e+06
7.600000e+02 4.164454e+06 -6.851783e+06
7.610000e+02 3.804130e+06 -6.557038e+06
7.620000e+02 3.488925e+06 -6.271319e+06
7.630000e+02 3.212234e+06 -5.996021e+06
7.640000e+02 2.968501e+06 -5.731821e+06
7.650000e+02 2.753051e+06 -5.478918e+06
7.660000e+02 2.561953e+06 -5.237193e+06
7.670000e+02 2.391895e+06 -5.006328e+06
7.680000e+02 2.240082e+06 -4.785876e+06
7.690000e+02 2.104148e+06 -4.575320e+06
7.700000e+02 1.982084e+06 -4.374111e+06
7.710000e+02 1.872180e+06 -4.181687e+06
7.720000e+02 1.772974e+06 -3.997494e+06
7.730000e+02 1.683215e+06 -3.820994e+06
7.740000e+02 1.601826e+06 -3.651670e+06
7.750000e+02 1.527877e+06 -3.489034e+06
7.760000e+02 1.460565e+06 -3.332623e+06
7.770000e+02 1.399192e+06 -3.182006e+06
7.780000e+02 1.343150e+06 -3.036777e+06
7.790000e+02 1.291908e+06 -2.896556e+06
7.800000e+02 1.245004e+06 -2.760992e+06
7.810000e+02 1.202029e+06 -2.629754e+06
7.820000e+02 1.162624e+06 -2.502538e+06
7.830000e+02 1.126475e+06 -2.379056e+06
7.840000e+02 1.093301e+06 -2.259043e+06
7.850000e+02 1.062856e+06 -2.142249e+06
7.860000e+02 1.034921e+06 -2.028442e+06
7.870000e+02 1.009302e+06 -1.917406e+06
7.880000e+02 9.858254e+05 -1.808936e+06
7.890000e+02 9.643382e+05 -1.702840e+06
7.900000e+02 9.447037e+05 -1.598940e+06
7.910000e+02 9.268001e+05 -1.497066e+06
7.920000e+02 9.105193e+05 -1.397057e+06
7.930000e+02 8.957650e+05 -1.298763e+06
7.940000e+02 8.824520e+05 -1.202040e+06
7.950000e+02 8.705046e+05 -1.106751e+06
7.960000e+02 8.598560e+05 -1.012767e+06
7.970000e+02 8.504477e+05 -9.199625e+05
7.980000e+02 8.422283e+05 -8.282185e+05
7.990000e+02 8.351534e+05 -7.374202e+05
8.000000e+02 8.291850e+05 -6.474568e+05
8.010000e+02 8.242910e+05 -5.582209e+05
8.020000e+02 8.204449e+05 -4.696085e+05
8.030000e+02 8.176254e+05 -3.815178e+05
8.040000e+02 8.158164e+05 -2.938495e+05
8.050000e+02 8.150066e+05 -2.065060e+05
8.060000e+02 8.151897e+05 -1.193909e+05
8.070000e+02 8.163638e+05 -3.240909e+04
8.080000e+02 8.185319e+05 5.453401e+04
8.090000e+02 8.217015e+05 1.415327e+05
8.100000e+02 8.258850e+05 2.286814e+05
8.110000e+02 8.310997e+05 3.160749e+05
8.120000e+02 8.373677e+05 4.038087e+05
8.130000e+02 8.447165e+05 4.919798e+05
8.140000e+02 8.531789e+05 5.806863e+05
8.150000e+02 8.627935e+05 6.700285e+05
8.160000e+02 8.736053e+05 7.601088e+05
8.170000e+02 8.856657e+05 8.510323e+05
8.180000e+02 8.990331e+05 9.429073e+05
8.190000e+02 9.137738e+05 1.035845e+06
8.200000e+02 9.299626e+05 1.129962e+06
8.210000e+02 9.476834e+05 1.225378e+06
8.220000e+02 9.670302e+05 1.322217e+06
8.230000e+02 9.881085e+05 1.420609e+06
8.240000e+02 1.011036e+06 1.520691e+06
8.250000e+02 1.035944e+06 1.622605e+06
8.260000e+02 1.062980e+06 1.726500e+06
8.270000e+02 1.092309e+06 1.832532e+06
8.280000e+02 1.124114e+06 1.940865e+06
8.290000e+02 1.158601e+06 2.051673e+06
8.300000e+02 1.196001e+06 2.165137e+06
8.310000e+02 1.236574e+06 2.281447e+06
8.320000e+02 1.280609e+06 2.400805e+06
8.330000e+02 1.328435e+06 2.523419e+06
8.340000e+02 1.380420e+06 2.649512e+06
8.350000e+02 1.436980e+06 2.779312e+06
8.360000e+02 1.498587e+06 2.913058e+06
8.370000e+02 1.565774e+06 3.050999e+06
8.380000e+02 1.639149e+06 3.193385e+06
8.390000e+02 1.719399e+06 3.340476e+06
8.400000e+02 1.807313e+06 3.492528e+06
8.410000e+02 1.903787e+06 3.649793e+06
8.420000e+02 2.009852e+06 3.812507e+06
8.430000e+02 2.126686e+06 3.980887e+06
8.440000e+02 2.255643e+06 4.155106e+06
8.450000e+02 2.398283e+06 4.335283e+06
8.460000e+02 2.556401e+06 4.521448e+06
8.470000e+02 2.732064e+06 4.713510e+06
8.480000e+02 2.927658e+06 4.911205e+06
8.490000e+02 3.145929e+06 5.114032e+06
8.500000e+02 3.390030e+06 5.321159e+06
8.510000e+02 3.663575e+06 5.531309e+06
8.520000e+02 3.970676e+06 5.742600e+06
8.530000e+02 4.315969e+06 5.952334e+06
8.540000e+02 4.704609e+06 6.156732e+06
8.550000e+02 5.142205e+06 6.350585e+06
8.560000e+02 5.634658e+06 6.526822e+06
8.570000e+02 6.187845e+06 6.675992e+06
8.580000e+02 6.807060e+06 6.785679e+06
8.590000e+02 7.496117e+06 6.839915e+06
8.600000e+02 8.255977e+06 6.818718e+06
8.610000e+02 9.082818e+06 6.698014e+06
8.620000e+02 9.965534e+06 6.450324e+06
8.630000e+02 1.088289e+07 6.046751e+06
8.640000e+02 1.180099e+07 5.460818e+06
8.650000e+02 1.267226e+07 4.674374e+06
8.660000e+02 1.343751e+07 3.684987e+06
8.670000e+02 1.403255e+07 2.512894e+06
8.680000e+02 1.439921e+07 1.204362e+06
8.690000e+02 1.449816e+07 -1.715706e+05
8.700000e+02 1.431907e+07 -1.533696e+06
8.710000e+02 1.388327e+07 -2.803654e+06
8.720000e+02 1.323797e+07 -3.919837e+06
8.730000e+02 1.244453e+07 -4.845361e+06
8.740000e+02 1.156591e+07 -5.568597e+06
8.750000e+02 1.065719e+07 -6.098122e+06
8.760000e+02 9.760821e+06 -6.455378e+06
8.770000e+02 8.905863e+06 -6.667754e+06
8.780000e+02 8.109669e+06 -6.763495e+06
8.790000e+02 7.380610e+06 -6.768621e+06
8.800000e+02 6.720785e+06 -6.705488e+06
8.810000e+02 6.128286e+06 -6.592420e+06
8.820000e+02 5.598897e+06 -6.443944e+06
8.830000e+02 5.127267e+06 -6.271303e+06
8.840000e+02 4.707660e+06 -6.083029e+06
8.850000e+02 4.334422e+06 -5.885499e+06
8.860000e+02 4.002234e+06 -5.683411e+06
8.870000e+02 3.706234e+06 -5.480176e+06
8.880000e+02 3.442063e+06 -5.278230e+06
8.890000e+02 3.205864e+06 -5.079275e+06
8.900000e+02 2.994246e+06 -4.884471e+06
8.910000e+02 2.804249e+06 -4.694571e+06
8.920000e+02 2.633295e+06 -4.510032e+06
8.930000e+02 2.479142e+06 -4.331097e+06
8.940000e+02 2.339842e+06 -4.157847e+06
8.950000e+02 2.213702e+06 -3.990255e+06
8.960000e+02 2.099250e+06 -3.828215e+06
8.970000e+02 1.995203e+06 -3.671564e+06
8.980000e+02 1.900444e+06 -3.520107e+06
8.990000e+02 1.813995e+06 -3.373624e+06
9.000000e+02 1.735003e+06 -3.231883e+06
9.010000e+02 1.662715e+06 -3.094648e+06
9.020000e+02 1.596475e+06 -2.961681e+06
9.030000e+02 1.535703e+06 -2.832747e+06
9.040000e+02 1.479885e+06 -2.707617e+06
9.050000e+02 1.428571e+06 -2.586071e+06
9.060000e+02 1.381360e+06 -2.467895e+06
9.070000e+02 1.337897e+06 -2.352885e+06
9.080000e+02 1.297866e+06 -2.240846e+06
9.090000e+02 1.260986e+06 -2.131592e+06
9.100000e+02 1.227007e+06 -2.024946e+06
9.110000e+02 1.195706e+06 -1.920739e+06
9.120000e+02 1.166882e+06 -1.818813e+06
9.130000e+02 1.140357e+06 -1.719014e+06
9.140000e+02 1.115972e+06 -1.621200e+06
9.150000e+02 1.093583e+06 -1.525232e+06
9.160000e+02 1.073063e+06 -1.430980e+06
9.170000e+02 1.054296e+06 -1.338320e+06
9.180000e+02 1.037180e+06 -1.247132e+06
9.190000e+02 1.021623e+06 -1.157303e+06
9.200000e+02 1.007543e+06 -1.068725e+06
9.210000e+02 9.948673e+05 -9.812936e+05
9.220000e+02 9.835308e+05 -8.949086e+05
9.230000e+02 9.734764e+05 -8.094738e+05
9.240000e+02 9.646537e+05 -7.248963e+05
9.250000e+02 9.570187e+05 -6.410863e+05
9.260000e+02 9.505334e+05 -5.579567e+05
9.270000e+02 9.451654e+05 -4.754229e+05
9.280000e+02 9.408876e+05 -3.934022e+05
9.290000e+02 9.376779e+05 -3.118140e+05
9.300000e+02 9.355190e+05 -2.305792e+05
9.310000e+02 9.343983e+05 -1.496202e+05
9.320000e+02 9.343076e+05 -6.886029e+04
9.330000e+02 9.352430e+05 1.177641e+04
9.340000e+02 9.372053e+05 9.236506e+04
9.350000e+02 9.401994e+05 1.729805e+05
9.360000e+02 9.442345e+05 2.536975e+05
9.370000e+02 9.493246e+05 3.345907e+05
9.380000e+02 9.554878e+05 4.157353e+05
9.390000e+02 9.627472e+05 4.972068e+05
9.400000e+02 9.711307e+05 5.790817e+05
9.410000e+02 9.806711e+05 6.614373e+05
9.420000e+02 9.914068e+05 7.443520e+05
9.430000e+02 1.003382e+06 8.279058e+05
9.440000e+02 1.016646e+06 9.121802e+05
9.450000e+02 1.031256e+06 9.972585e+05
9.460000e+02 1.047276e+06 1.083226e+06
9.470000e+02 1.064776e+06 1.170171e+06
9.480000e+02 1.083837e+06 1.258183e+06
9.490000e+02 1.104545e+06 1.347354e+06
9.500000e+02 1.127001e+06 1.437781e+06
9.510000e+02 1.151311e+06 1.529563e+06
9.520000e+02 1.177599e+06 1.622800e+06
9.530000e+02 1.205997e+06 1.717598e+06
9.540000e+02 1.236655e+06 1.814067e+06
9.550000e+02 1.269737e+06 1.912316e+06
9.560000e+02 1.305426e+06 2.012463e+06
9.570000e+02 1.343925e+06 2.114625e+06
9.580000e+02 1.385461e+06 2.218925e+06
9.590000e+02 1.430283e+06 2.325486e+06
9.600000e+02 1.478670e+06 2.434436e+06
9.610000e+02 1.530934e+06 2.545902e+06
9.620000e+02 1.587420e+06 2.660013e+06
9.630000e+02 1.648516e+06 2.776895e+06
9.640000e+02 1.714652e+06 2.896672e+06
9.650000e+02 1.786313e+06 3.019463e+06
9.660000e+02 1.864039e+06 3.145377e+06
9.670000e+02 1.948437e+06 3.274508e+06
9.680000e+02 2.040187e+06 3.406933e+06
9.690000e+02 2.140054e+06 3.542701e+06
9.700000e+02 2.248895e+06 3.681825e+06
9.710000e+02 2.367677e+06 3.824271e+06
9.720000e+02 2.497482e+06 3.969941e+06
9.730000e+02 2.639529e+06 4.118652e+06
9.740000e+02 2.795185e+06 4.270113e+06
9.750000e+02 2.965979e+06 4.423895e+06
9.760000e+02 3.153621e+06 4.579386e+06
9.770000e+02 3.360012e+06 4.735743e+06
9.780000e+02 3.587253e+06 4.891831e+06
9.790000e+02 3.837648e+06 5.046137e+06
9.800000e+02 4.113691e+06 5.196681e+06
9.810000e+02 4.418041e+06 5.340892e+06
9.820000e+02 4.753463e+06 5.475471e+06
9.830000e+02 5.122725e+06 5.596225e+06
9.840000e+02 5.528446e+06 5.697890e+06
9.850000e+02 5.972857e+06 5.773937e+06
9.860000e+02 6.457451e+06 5.816402e+06
9.870000e+02 6.982515e+06 5.815759e+06
9.880000e+02 7.546503e+06 5.760911e+06
9.890000e+02 8.145260e+06 5.639372e+06
9.900000e+02 8.771142e+06 5.437760e+06
9.910000e+02 9.412133e+06 5.142723e+06
9.920000e+02 1.005116e+07 4.742383e+06
9.930000e+02 1.066589e+07 4.228321e+06
9.940000e+02 1.122942e+07 3.597922e+06
9.950000e+02 1.171206e+07 2.856671e+06
9.960000e+02 1.208438e+07 2.019760e+06
9.970000e+02 1.232118e+07 1.112267e+06
9.980000e+02 1.240546e+07 1.674175e+05
9.990000e+02 1.233144e+07 -7.770223e+05
1.000000e+03 1.210560e+07 -1.683484e+06
1.001000e+03 1.174541e+07 -2.519268e+06
1.002000e+03 1.127622e+07 -3.259982e+06
1.003000e+03 1.072725e+07 -3.891081e+06
1.004000e+03 1.012774e+07 -4.407540e+06
1.005000e+03 9.504024e+06 -4.812180e+06
1.006000e+03 8.877876e+06 -5.113383e+06
1.007000e+03 8.265908e+06 -5.322807e+06
1.008000e+03 7.679814e+06 -5.453478e+06
1.009000e+03 7.127057e+06 -5.518411e+06
1.010000e+03 6.611731e+06 -5.529739e+06
1.011000e+03 6.135415e+06 -5.498245e+06
1.012000e+03 5.697915e+06 -5.433194e+06
1.013000e+03 5.297865e+06 -5.342351e+06
1.014000e+03 4.933180e+06 -5.232093e+06
1.015000e+03 4.601392e+06 -5.107581e+06
1.016000e+03 4.299871e+06 -4.972942e+06
1.017000e+03 4.025987e+06 -4.831438e+06
1.018000e+03 3.777200e+06 -4.685622e+06
1.019000e+03 3.551117e+06 -4.537478e+06
1.020000e+03 3.345527e+06 -4.388526e+06
1.021000e+03 3.158406e+06 -4.239924e+06
1.022000e+03 2.987918e+06 -4.092537e+06
1.023000e+03 2.832411e+06 -3.947005e+06
1.024000e+03 2.690402e+06 -3.803784e+06
1.025000e+03 2.560564e+06 -3.663194e+06
1.026000e+03 2.441711e+06 -3.525445e+06
1.027000e+03 2.332788e+06 -3.390661e+06
1.028000e+03 2.232853e+06 -3.258904e+06
1.029000e+03 2.141068e+06 -3.130183e+06
1.030000e+03 2.056683e+06 -3.004471e+06
1.031000e+03 1.979034e+06 -2.881714e+06
1.032000e+03 1.907524e+06 -2.761835e+06
1.033000e+03 1.841623e+06 -2.644744e+06
1.034000e+03 1.780855e+06 -2.530338e+06
1.035000e+03 1.724798e+06 -2.418509e+06
1.036000e+03 1.673069e+06 -2.309144e+06
1.037000e+03 1.625330e+06 -2.202127e+06
1.038000e+03 1.581274e+06 -2.097343e+06
1.039000e+03 1.540627e+06 -1.994675e+06
1.040000e+03 1.503144e+06 -1.894010e+06
1.041000e+03 1.468602e+06 -1.795234e+06
1.042000e+03 1.436805e+06 -1.698238e+06
1.043000e+03 1.407572e+06 -1.602915e+06
1.044000e+03 1.380744e+06 -1.509160e+06
1.045000e+03 1.356176e+06 -1.416870e+06
1.046000e+03 1.333740e+06 -1.325949e+06
1.047000e+03 1.313318e+06 -1.236299e+06
1.048000e+03 1.294808e+06 -1.147828e+06
1.049000e+03 1.278117e+06 -1.060446e+06
1.050000e+03 1.263162e+06 -9.740658e+05
1.051000e+03 1.249871e+06 -8.886020e+05
1.052000e+03 1.238178e+06 -8.039721e+05
1.053000e+03 1.228030e+06 -7.200955e+05
1.054000e+03 1.219375e+06 -6.368939e+05
1.055000e+03 1.212174e+06 -5.542907e+05
1.056000e+03 1.206391e+06 -4.722109e+05
1.057000e+03 1.201999e+06 -3.905812e+05
1.058000e+03 1.198974e+06 -3.093294e+05
1.059000e+03 1.197301e+06 -2.283848e+05
1.060000e+03 1.196969e+06 -1.476775e+05
1.061000e+03 1.197974e+06 -6.713868e+04
1.062000e+03 1.200316e+06 1.329995e+04
1.063000e+03 1.204002e+06 9.370592e+04
1.064000e+03 1.209043e+06 1.741463e+05
1.065000e+03 1.215457e+06 2.546879e+05
1.066000e+03 1.223269e+06 3.353972e+05
1.067000e+03 1.232506e+06 4.163406e+05
1.068000e+03 1.243206e+06 4.975845e+05
1.069000e+03 1.255410e+06 5.791953e+05
1.070000e+03 1.269167e+06 6.612395e+05
1.071000e+03 1.284533e+06 7.437838e+05
1.072000e+03 1.301573e+06 8.268952e+05
1.073000e+03 1.320357e+06 9.106407e+05
1.074000e+03 1.340967e+06 9.950877e+05
1.075000e+03 1.363493e+06 1.080304e+06
1.076000e+03 1.388035e+06 1.166356e+06
1.077000e+03 1.414704e+06 1.253311e+06
1.078000e+03 1.443624e+06 1.341237e+06
1.079000e+03 1.474931e+06 1.430200e+06
1.080000e+03 1.508775e+06 1.520264e+06
1.081000e+03 1.545323e+06 1.611494e+06
1.082000e+03 1.584757e+06 1.703950e+06
1.083000e+03 1.627281e+06 1.797691e+06
1.084000e+03 1.673116e+06 1.892772e+06
1.085000e+03 1.722510e+06 1.989240e+06
1.086000e+03 1.775731e+06 2.087140e+06
1.087000e+03 1.833079e+06 2.186502e+06
1.088000e+03 1.894881e+06 2.287351e+06
1.089000e+03 1.961501e+06 2.389694e+06
1.090000e+03 2.033336e+06 2.493523e+06
1.091000e+03 2.110826e+06 2.598806e+06
1.092000e+03 2.194453e+06 2.705485e+06
1.093000e+03 2.284749e+06 2.813469e+06
1.094000e+03 2.382297e+06 2.922627e+06
1.095000e+03 2.487736e+06 3.032775e+06
1.096000e+03 2.601766e+06 3.143670e+06
1.097000e+03 2.725149e+06 3.254992e+06
1.098000e+03 2.858717e+06 3.366329e+06
1.099000e+03 3.003365e+06 3.477162e+06
1.100000e+03 3.160058e+06 3.586833e+06
1.101000e+03 3.329824e+06 3.694524e+06
1.102000e+03 3.513746e+06 3.799226e+06
1.103000e+03 3.712948e+06 3.899696e+06
1.104000e+03 3.928575e+06 3.994422e+06
1.105000e+03 4.161757e+06 4.081570e+06
1.106000e+03 4.413564e+06 4.158941e+06
1.107000e+03 4.684939e+06 4.223915e+06
1.108000e+03 4.976608e+06 4.273402e+06
1.109000e+03 5.288966e+06 4.303807e+06
1.110000e+03 5.621931e+06 4.311004e+06
1.111000e+03 5.974756e+06 4.290348e+06
1.112000e+03 6.345822e+06 4.236730e+06
1.113000e+03 6.732397e+06 4.144701e+06
1.114000e+03 7.130391e+06 4.008684e+06
1.115000e+03 7.534136e+06 3.823304e+06
1.116000e+03 7.936234e+06 3.583823e+06
1.117000e+03 8.327528e+06 3.286704e+06
1.118000e+03 8.697269e+06 2.930247e+06
1.119000e+03 9.033532e+06 2.515237e+06
1.120000e+03 9.323906e+06 2.045481e+06
1.121000e+03 9.556443e+06 1.528131e+06
1.122000e+03 9.720755e+06 9.736303e+05
1.123000e+03 9.809119e+06 3.952344e+05
1.124000e+03 9.817363e+06 -1.918937e+05
1.125000e+03 9.745374e+06 -7.719053e+05
1.126000e+03 9.597097e+06 -1.329600e+06
1.127000e+03 9.380042e+06 -1.851646e+06
1.128000e+03 9.104396e+06 -2.327486e+06
1.129000e+03 8.781932e+06 -2.749822e+06
1.130000e+03 8.424921e+06 -3.114665e+06
1.131000e+03 8.045186e+06 -3.421036e+06
1.132000e+03 7.653420e+06 -3.670428e+06
1.133000e+03 7.258764e+06 -3.866175e+06
1.134000e+03 6.868642e+06 -4.012824e+06
1.135000e+03 6.488774e+06 -4.115583e+06
1.136000e+03 6.123330e+06 -4.179883e+06
1.137000e+03 5.775132e+06 -4.211054e+06
1.138000e+03 5.445903e+06 -4.214115e+06
1.139000e+03 5.136491e+06 -4.193642e+06
1.140000e+03 4.847080e+06 -4.153716e+06
1.141000e+03 4.577372e+06 -4.097903e+06
1.142000e+03 4.326728e+06 -4.029277e+06
1.143000e+03 4.094286e+06 -3.950456e+06
1.144000e+03 3.879048e+06 -3.863647e+06
1.145000e+03 3.679946e+06 -3.770695e+06
1.146000e+03 3.495892e+06 -3.673130e+06
1.147000e+03 3.325810e+06 -3.572214e+06
1.148000e+03 3.168656e+06 -3.468981e+06
1.149000e+03 3.023440e+06 -3.364269e+06
1.150000e+03 2.889225e+06 -3.258760e+06
1.151000e+03 2.765141e+06 -3.152998e+06
1.152000e+03 2.650380e+06 -3.047418e+06
1.153000e+03 2.544195e+06 -2.942359e+06
1.154000e+03 2.445903e+06 -2.838088e+06
1.155000e+03 2.354876e+06 -2.734808e+06
1.156000e+03 2.270542e+06 -2.632670e+06
1.157000e+03 2.192378e+06 -2.531782e+06
1.158000e+03 2.119909e+06 -2.432221e+06
1.159000e+03 2.052701e+06 -2.334034e+06
1.160000e+03 1.990361e+06 -2.237244e+06
1.161000e+03 1.932530e+06 -2.141859e+06
1.162000e+03 1.878883e+06 -2.047870e+06
1.163000e+03 1.829124e+06 -1.955257e+06
1.164000e+03 1.782985e+06 -1.863990e+06
1.165000e+03 1.740221e+06 -1.774033e+06
1.166000e+03 1.700612e+06 -1.685343e+06
1.167000e+03 1.663955e+06 -1.597873e+06
1.168000e+03 1.630068e+06 -1.511573e+06
1.169000e+03 1.598785e+06 -1.426390e+06
1.170000e+03 1.569956e+06 -1.342270e+06
1.171000e+03 1.543444e+06 -1.259156e+06
1.172000e+03 1.519128e+06 -1.176993e+06
1.173000e+03 1.496894e+06 -1.095724e+06
1.174000e+03 1.476643e+06 -1.015292e+06
1.175000e+03 1.458285e+06 -9.356394e+05
1.176000e+03 1.441737e+06 -8.567107e+05
1.177000e+03 1.426929e+06 -7.784494e+05
1.178000e+03 1.413795e+06 -7.008001e+05
1.179000e+03 1.402279e+06 -6.237078e+05
1.180000e+03 1.392330e+06 -5.471180e+05
1.181000e+03 1.383907e+06 -4.709769e+05
1.182000e+03 1.376971e+06 -3.952313e+05
1.183000e+03 1.371493e+06 -3.198287e+05
1.184000e+03 1.367448e+06 -2.447171e+05
1.185000e+03 1.364815e+06 -1.698450e+05
1.186000e+03 1.363582e+06 -9.516154e+04
1.187000e+03 1.363739e+06 -2.061633e+04
1.188000e+03 1.365283e+06 5.384056e+04
1.189000e+03 1.368216e+06 1.282586e+05
1.190000e+03 1.372545e+06 2.026868e+05
1.191000e+03 1.378282e+06 2.771737e+05
1.192000e+03 1.385444e+06 3.517678e+05
1.193000e+03 1.394054e+06 4.265168e+05
1.194000e+03 1.404139e+06 5.014681e+05
1.195000e+03 1.415735e+06 5.766690e+05
1.196000e+03 1.428880e+06 6.521659e+05
1.197000e+03 1.443620e+06 7.280051e+05
1.198000e+03 1.460007e+06 8.042322e+05
1.199000e+03 1.478101e+06 8.808920e+05
1.200000e+03 1.497967e+06 9.580287e+05
1.201000e+03 1.519679e+06 1.035686e+06
1.202000e+03 1.543318e+06 1.113905e+06
1.203000e+03 1.568975e+06 1.192726e+06
1.204000e+03 1.596749e+06 1.272190e+06
1.205000e+03 1.626750e+06 1.352333e+06
1.206000e+03 1.659098e+06 1.433188e+06
1.207000e+03 1.693924e+06 1.514788e+06
1.208000e+03 1.731372e+06 1.597159e+06
1.209000e+03 1.771599e+06 1.680326e+06
1.210000e+03 1.814777e+06 1.764304e+06
1.211000e+03 1.861094e+06 1.849106e+06
1.212000e+03 1.910752e+06 1.934735e+06
1.213000e+03 1.963975e+06 2.021184e+06
1.214000e+03 2.021003e+06 2.108435e+06
1.215000e+03 2.082100e+06 2.196458e+06
1.216000e+03 2.147550e+06 2.285204e+06
1.217000e+03 2.217663e+06 2.374609e+06
1.218000e+03 2.292774e+06 2.464581e+06
1.219000e+03 2.373245e+06 2.555007e+06
1.220000e+03 2.459465e+06 2.645736e+06
1.221000e+03 2.551857e+06 2.736585e+06
1.222000e+03 2.650869e+06 2.827322e+06
1.223000e+03 2.756985e+06 2.917666e+06
1.224000e+03 2.870715e+06 3.007274e+06
1.225000e+03 2.992601e+06 3.095729e+06
1.226000e+03 3.123212e+06 3.182534e+06
1.227000e+03 3.263136e+06 3.267093e+06
1.228000e+03 3.412979e+06 3.348698e+06
1.229000e+03 3.573351e+06 3.426513e+06
1.230000e+03 3.744854e+06 3.499555e+06
1.231000e+03 3.928064e+06 3.566675e+06
1.232000e+03 4.123505e+06 3.626539e+06
1.233000e+03 4.331619e+06 3.677609e+06
1.234000e+03 4.552727e+06 3.718124e+06
1.235000e+03 4.786976e+06 3.746090e+06
1.236000e+03 5.034285e+06 3.759274e+06
1.237000e+03 5.294267e+06 3.755210e+06
1.238000e+03 5.566152e+06 3.731215e+06
1.239000e+03 5.848698e+06 3.684437e+06
1.240000e+03 6.140096e+06 3.611923e+06
1.241000e+03 6.437877e+06 3.510717e+06
1.242000e+03 6.738841e+06 3.378005e+06
1.243000e+03 7.038997e+06 3.211290e+06
1.244000e+03 7.333566e+06 3.008607e+06
1.245000e+03 7.617027e+06 2.768770e+06
1.246000e+03 7.883253e+06 2.491613e+06
1.247000e+03 8.125732e+06 2.178226e+06
1.248000e+03 8.337874e+06 1.831128e+06
1.249000e+03 8.513397e+06 1.454353e+06
1.250000e+03 8.646749e+06 1.053412e+06
1.251000e+03 8.733528e+06 6.351152e+05
1.252000e+03 8.770846e+06 2.072477e+05
1.253000e+03 8.757574e+06 -2.218596e+05
1.254000e+03 8.694435e+06 -6.438311e+05
1.255000e+03 8.583938e+06 -1.050749e+06
1.256000e+03 8.430148e+06 -1.435600e+06
1.257000e+03 8.238345e+06 -1.792608e+06
1.258000e+03 8.014608e+06 -2.117440e+06
1.259000e+03 7.765396e+06 -2.407258e+06
1.260000e+03 7.497164e+06 -2.660658e+06
1.261000e+03 7.216038e+06 -2.877507e+06
1.262000e+03 6.927591e+06 -3.058722e+06
1.263000e+03 6.636695e+06 -3.206032e+06
1.264000e+03 6.347457e+06 -3.321737e+06
1.265000e+03 6.063212e+06 -3.408492e+06
1.266000e+03 5.786570e+06 -3.469129e+06
1.267000e+03 5.519485e+06 -3.506509e+06
1.268000e+03 5.263338e+06 -3.523422e+06
1.269000e+03 5.019028e+06 -3.522507e+06
1.270000e+03 4.787065e+06 -3.506211e+06
1.271000e+03 4.567640e+06 -3.476760e+06
1.272000e+03 4.360705e+06 -3.436153e+06
1.273000e+03 4.166028e+06 -3.386165e+06
1.274000e+03 3.983244e+06 -3.328353e+06
1.275000e+03 3.811896e+06 -3.264078e+06
1.276000e+03 3.651467e+06 -3.194514e+06
1.277000e+03 3.501406e+06 -3.120675e+06
1.278000e+03 3.361146e+06 -3.043425e+06
1.279000e+03 3.230119e+06 -2.963503e+06
1.280000e+03 3.107769e+06 -2.881533e+06
1.281000e+03 2.993553e+06 -2.798042e+06
1.282000e+03 2.886955e+06 -2.713471e+06
1.283000e+03 2.787482e+06 -2.628191e+06
1.284000e+03 2.694670e+06 -2.542507e+06
1.285000e+03 2.608081e+06 -2.456674e+06
1.286000e+03 2.527308e+06 -2.370899e+06
1.287000e+03 2.451971e+06 -2.285350e+06
1.288000e+03 2.381716e+06 -2.200164e+06
1.289000e+03 2.316217e+06 -2.115446e+06
1.290000e+03 2.255170e+06 -2.031282e+06
1.291000e+03 2.198297e+06 -1.947733e+06
1.292000e+03 2.145340e+06 -1.864848e+06
1.293000e+03 2.096062e+06 -1.782657e+06
1.294000e+03 2.050245e+06 -1.701181e+06
1.295000e+03 2.007688e+06 -1.620429e+06
1.296000e+03 1.968209e+06 -1.540404e+06
1.297000e+03 1.931638e+06 -1.461100e+06
1.298000e+03 1.897822e+06 -1.382504e+06
1.299000e+03 1.866621e+06 -1.304600e+06
1.300000e+03 1.837904e+06 -1.227369e+06
1.301000e+03 1.811557e+06 -1.150786e+06
1.302000e+03 1.787472e+06 -1.074824e+06
1.303000e+03 1.765553e+06 -9.994551e+05
1.304000e+03 1.745714e+06 -9.246489e+05
1.305000e+03 1.727876e+06 -8.503733e+05
1.306000e+03 1.711969e+06 -7.765955e+05
1.307000e+03 1.697932e+06 -7.032818e+05
1.308000e+03 1.685709e+06 -6.303981e+05
1.309000e+03 1.675253e+06 -5.579097e+05
1.310000e+03 1.666522e+06 -4.857819e+05
1.311000e+03 1.659481e+06 -4.139798e+05
1.312000e+03 1.654103e+06 -3.424687e+05
1.313000e+03 1.650363e+06 -2.712140e+05
1.314000e+03 1.648245e+06 -2.001814e+05
1.315000e+03 1.647738e+06 -1.293370e+05
1.316000e+03 1.648834e+06 -5.864754e+04
1.317000e+03 1.651534e+06 1.191982e+04
1.318000e+03 1.655843e+06 8.239717e+04
1.319000e+03 1.661770e+06 1.528158e+05
1.320000e+03 1.669331e+06 2.232061e+05
1.321000e+03 1.678547e+06 2.935975e+05
1.322000e+03 1.689446e+06 3.640181e+05
1.323000e+03 1.702058e+06 4.344948e+05
1.324000e+03 1.716423e+06 5.050528e+05
1.325000e+03 1.732585e+06 5.757159e+05
1.326000e+03 1.750593e+06 6.465057e+05
1.327000e+03 1.770504e+06 7.174416e+05
1.328000e+03 1.792383e+06 7.885406e+05
1.329000e+03 1.816299e+06 8.598165e+05
1.330000e+03 1.842330e+06 9.312800e+05
1.331000e+03 1.870562e+06 1.002938e+06
1.332000e+03 1.901087e+06 1.074793e+06
1.333000e+03 1.934008e+06 1.146843e+06
1.334000e+03 1.969436e+06 1.219079e+06
1.335000e+03 2.007489e+06 1.291486e+06
1.336000e+03 2.048298e+06 1.364042e+06
1.337000e+03 2.092003e+06 1.436717e+06
1.338000e+03 2.138753e+06 1.509469e+06
1.339000e+03 2.188710e+06 1.582246e+06
1.340000e+03 2.242046e+06 1.654983e+06
1.341000e+03 2.298946e+06 1.727600e+06
1.342000e+03 2.359605e+06 1.800000e+06
1.343000e+03 2.424233e+06 1.872067e+06
1.344000e+03 2.493048e+06 1.943662e+06
1.345000e+03 2.566282e+06 2.014622e+06
1.346000e+03 2.644178e+06 2.084754e+06
1.347000e+03 2.726988e+06 2.153835e+06
1.348000e+03 2.814973e+06 2.221604e+06
1.349000e+03 2.908400e+06 2.287758e+06
1.350000e+03 3.007539e+06 2.351950e+06
1.351000e+03 3.112663e+06 2.413778e+06
1.352000e+03 3.224037e+06 2.472786e+06
1.353000e+03 3.341917e+06 2.528454e+06
1.354000e+03 3.466538e+06 2.580190e+06
1.355000e+03 3.598109e+06 2.627330e+06
1.356000e+03 3.736799e+06 2.669127e+06
1.357000e+03 3.882722e+06 2.704749e+06
1.358000e+03 4.035923e+06 2.733275e+06
1.359000e+03 4.196359e+06 2.753695e+06
1.360000e+03 4.363871e+06 2.764910e+06
1.361000e+03 4.538167e+06 2.765739e+06
1.362000e+03 4.718790e+06 2.754927e+06
1.363000e+03 4.905091e+06 2.731167e+06
1.364000e+03 5.096199e+06 2.693121e+06
1.365000e+03 5.290994e+06 2.639455e+06
1.366000e+03 5.488081e+06 2.568879e+06
1.367000e+03 5.685776e+06 2.480208e+06
1.368000e+03 5.882092e+06 2.372418e+06
1.369000e+03 6.074753e+06 2.244721e+06
1.370000e+03 6.261209e+06 2.096642e+06
1.371000e+03 6.438689e+06 1.928093e+06
1.372000e+03 6.604264e+06 1.739452e+06
1.373000e+03 6.754938e+06 1.531617e+06
1.374000e+03 6.887762e+06 1.306047e+06
1.375000e+03 6.999960e+06 1.064770e+06
1.376000e+03 7.089062e+06 8.103659e+05
1.377000e+03 7.153036e+06 5.458965e+05
1.378000e+03 7.190405e+06 2.748145e+05
1.379000e+03 7.200327e+06 8.326213e+02
1.380000e+03 7.182652e+06 -2.722266e+05
1.381000e+03 7.137926e+06 -5.405900e+05
1.382000e+03 7.067358e+06 -8.006884e+05
1.383000e+03 6.972741e+06 -1.049294e+06
1.384000e+03 6.856352e+06 -1.283628e+06
1.385000e+03 6.720823e+06 -1.501435e+06
1.386000e+03 6.569008e+06 -1.701022e+06
1.387000e+03 6.403858e+06 -1.881254e+06
1.388000e+03 6.228298e+06 -2.041530e+06
1.389000e+03 6.045134e+06 -2.181732e+06
1.390000e+03 5.856978e+06 -2.302151e+06
1.391000e+03 5.666191e+06 -2.403419e+06
1.392000e+03 5.474857e+06 -2.486430e+06
1.393000e+03 5.284770e+06 -2.552267e+06
1.394000e+03 5.097432e+06 -2.602139e+06
1.395000e+03 4.914074e+06 -2.637324e+06
1.396000e+03 4.735669e+06 -2.659119e+06
1.397000e+03 4.562966e+06 -2.668811e+06
1.398000e+03 4.396512e+06 -2.667643e+06
1.399000e+03 4.236682e+06 -2.656795e+06
1.400000e+03 4.083706e+06 -2.637376e+06
1.401000e+03 3.937696e+06 -2.610411e+06
1.402000e+03 3.798663e+06 -2.576838e+06
1.403000e+03 3.666544e+06 -2.537512e+06
1.404000e+03 3.541214e+06 -2.493202e+06
1.405000e+03 3.422502e+06 -2.444599e+06
1.406000e+03 3.310205e+06 -2.392318e+06
1.407000e+03 3.204094e+06 -2.336905e+06
1.408000e+03 3.103927e+06 -2.278843e+06
1.409000e+03 3.009453e+06 -2.218554e+06
1.410000e+03 2.920418e+06 -2.156411e+06
1.411000e+03 2.836568e+06 -2.092738e+06
1.412000e+03 2.757654e+06 -2.027817e+06
1.413000e+03 2.683435e+06 -1.961892e+06
1.414000e+03 2.613674e+06 -1.895175e+06
1.415000e+03 2.548147e+06 -1.827848e+06
1.416000e+03 2.486639e+06 -1.760066e+06
1.417000e+03 2.428947e+06 -1.691961e+06
1.418000e+03 2.374878e+06 -1.623648e+06
1.419000e+03 2.324250e+06 -1.555219e+06
1.420000e+03 2.276892e+06 -1.486756e+06
1.421000e+03 2.232644e+06 -1.418323e+06
1.422000e+03 2.191357e+06 -1.349975e+06
1.423000e+03 2.152891e+06 -1.281755e+06
1.424000e+03 2.117118e+06 -1.213698e+06
1.425000e+03 2.083916e+06 -1.145831e+06
1.426000e+03 2.053176e+06 -1.078174e+06
1.427000e+03 2.024793e+06 -1.010740e+06
1.428000e+03 1.998674e+06 -9.435388e+05
1.429000e+03 1.974732e+06 -8.765748e+05
1.430000e+03 1.952888e+06 -8.098486e+05
1.431000e+03 1.933069e+06 -7.433576e+05
1.432000e+03 1.915211e+06 -6.770964e+05
1.433000e+03 1.899254e+06 -6.110571e+05
1.434000e+03 1.885146e+06 -5.452300e+05
1.435000e+03 1.872839e+06 -4.796035e+05
1.436000e+03 1.862294e+06 -4.141646e+05
1.437000e+03 1.853473e+06 -3.488994e+05
1.438000e+03 1.846347e+06 -2.837930e+05
1.439000e+03 1.840891e+06 -2.188296e+05
1.440000e+03 1.837085e+06 -1.539932e+05
1.441000e+03 1.834912e+06 -8.926741e+04
1.442000e+03 1.834364e+06 -2.463577e+04
1.443000e+03 1.835434e+06 3.991816e+04
1.444000e+03 1.838121e+06 1.044106e+05
1.445000e+03 1.842430e+06 1.688573e+05
1.446000e+03 1.848368e+06 2.332735e+05
1.447000e+03 1.855948e+06 2.976736e+05
1.448000e+03 1.865189e+06 3.620714e+05
1.449000e+03 1.876112e+06 4.264790e+05
1.450000e+03 1.888746e+06 4.909078e+05
1.451000e+03 1.903122e+06 5.553671e+05
1.452000e+03 1.919278e+06 6.198648e+05
1.453000e+03 1.937255e+06 6.844064e+05
1.454000e+03 1.957102e+06 7.489953e+05
1.455000e+03 1.978871e+06 8.136319e+05
1.456000e+03 2.002621e+06 8.783138e+05
1.457000e+03 2.028416e+06 9.430348e+05
1.458000e+03 2.056326e+06 1.007785e+06
1.459000e+03 2.086428e+06 1.072550e+06
1.460000e+03 2.118803e+06 1.137309e+06
1.461000e+03 2.153540e+06 1.202038e+06
1.462000e+03 2.190736e+06 1.266705e+06
1.463000e+03 2.230491e+06 1.331269e+06
1.464000e+03 2.272914e+06 1.395685e+06
1.465000e+03 2.318122e+06 1.459895e+06
1.466000e+03 2.366238e+06 1.523832e+06
1.467000e+03 2.417390e+06 1.587416e+06
1.468000e+03 2.471716e+06 1.650557e+06
1.469000e+03 2.529357e+06 1.713148e+06
1.470000e+03 2.590465e+06 1.775064e+06
1.471000e+03 2.655192e+06 1.836165e+06
1.472000e+03 2.723700e+06 1.896290e+06
1.473000e+03 2.796150e+06 1.955253e+06
1.474000e+03 2.872710e+06 2.012844e+06
1.475000e+03 2.953546e+06 2.068828e+06
1.476000e+03 3.038824e+06 2.122936e+06
1.477000e+03 3.128704e+06 2.174866e+06
1.478000e+03 3.223341e+06 2.224283e+06
1.479000e+03 3.322877e+06 2.270809e+06
1.480000e+03 3.427439e+06 2.314027e+06
1.481000e+03 3.537133e+06 2.353474e+06
1.482000e+03 3.652033e+06 2.388639e+06
1.483000e+03 3.772180e+06 2.418964e+06
1.484000e+03 3.897568e+06 2.443842e+06
1.485000e+03 4.028136e+06 2.462615e+06
1.486000e+03 4.163756e+06 2.474579e+06
1.487000e+03 4.304220e+06 2.478983e+06
1.488000e+03 4.449229e+06 2.475043e+06
1.489000e+03 4.598375e+06 2.461940e+06
1.490000e+03 4.751129e+06 2.438841e+06
1.491000e+03 4.906830e+06 2.404911e+06
1.492000e+03 5.064668e+06 2.359332e+06
1.493000e+03 5.223677e+06 2.301328e+06
1.494000e+03 5.382726e+06 2.230195e+06
1.495000e+03 5.540523e+06 2.145332e+06
1.496000e+03 5.695614e+06 2.046277e+06
1.497000e+03 5.846400e+06 1.932744e+06
1.498000e+03 5.991159e+06 1.804660e+06
1.499000e+03 6.128076e+06 1.662203e+06
1.500000e+03 6.255286e+06 1.505828e+06
1.501000e+03 6.370926e+06 1.336294e+06
1.502000e+03 6.473192e+06 1.154673e+06
1.503000e+03 6.560405e+06 9.623468e+05
1.504000e+03 6.631075e+06 7.609916e+05
1.505000e+03 6.683960e+06 5.525441e+05
1.506000e+03 6.718127e+06 3.391526e+05
1.507000e+03 6.732987e+06 1.231150e+05
1.508000e+03 6.728329e+06 -9.319267e+04
1.509000e+03 6.704323e+06 -3.073925e+05
1.510000e+03 6.661517e+06 -5.171815e+05
1.511000e+03 6.600803e+06 -7.204028e+05
1.512000e+03 6.523382e+06 -9.151071e+05
1.513000e+03 6.430704e+06 -1.099601e+06
1.514000e+03 6.324411e+06 -1.272481e+06
1.515000e+03 6.206269e+06 -1.432650e+06
1.516000e+03 6.078110e+06 -1.579319e+06
1.517000e+03 5.941768e+06 -1.711999e+06
1.518000e+03 5.799035e+06 -1.830474e+06
1.519000e+03 5.651612e+06 -1.934778e+06
1.520000e+03 5.501084e+06 -2.025155e+06
1.521000e+03 5.348897e+06 -2.102027e+06
1.522000e+03 5.196340e+06 -2.165952e+06
1.523000e+03 5.044545e+06 -2.217597e+06
1.524000e+03 4.894484e+06 -2.257697e+06
1.525000e+03 4.746978e+06 -2.287035e+06
1.526000e+03 4.602703e+06 -2.306414e+06
1.527000e+03 4.462204e+06 -2.316638e+06
1.528000e+03 4.325906e+06 -2.318499e+06
1.529000e+03 4.194132e+06 -2.312761e+06
1.530000e+03 4.067109e+06 -2.300153e+06
1.531000e+03 3.944988e+06 -2.281365e+06
1.532000e+03 3.827853e+06 -2.257040e+06
1.533000e+03 3.715731e+06 -2.227778e+06
1.534000e+03 3.608603e+06 -2.194129e+06
1.535000e+03 3.506416e+06 -2.156597e+06
1.536000e+03 3.409083e+06 -2.115643e+06
1.537000e+03 3.316498e+06 -2.071684e+06
1.538000e+03 3.228536e+06 -2.025096e+06
1.539000e+03 3.145061e+06 -1.976218e+06
1.540000e+03 3.065925e+06 -1.925353e+06
1.541000e+03 2.990981e+06 -1.872775e+06
1.542000e+03 2.920073e+06 -1.818723e+06
1.543000e+03 2.853050e+06 -1.763414e+06
1.544000e+03 2.789760e+06 -1.707038e+06
1.545000e+03 2.730054e+06 -1.649762e+06
1.546000e+03 2.673787e+06 -1.591737e+06
1.547000e+03 2.620820e+06 -1.533091e+06
1.548000e+03 2.571018e+06 -1.473939e+06
1.549000e+03 2.524253e+06 -1.414382e+06
1.550000e+03 2.480403e+06 -1.354505e+06
1.551000e+03 2.439350e+06 -1.294385e+06
1.552000e+03 2.400986e+06 -1.234086e+06
1.553000e+03 2.365207e+06 -1.173664e+06
1.554000e+03 2.331916e+06 -1.113168e+06
1.555000e+03 2.301022e+06 -1.052637e+06
1.556000e+03 2.272441e+06 -9.921079e+05
1.557000e+03 2.246095e+06 -9.316079e+05
1.558000e+03 2.221910e+06 -8.711614e+05
1.559000e+03 2.199820e+06 -8.107882e+05
1.560000e+03 2.179763e+06 -7.505041e+05
1.561000e+03 2.161683e+06 -6.903220e+05
1.562000e+03 2.145530e+06 -6.302518e+05
1.563000e+03 2.131258e+06 -5.703009e+05
1.564000e+03 2.118825e+06 -5.104751e+05
1.565000e+03 2.108196e+06 -4.507780e+05
1.566000e+03 2.099340e+06 -3.912123e+05
1.567000e+03 2.092229e+06 -3.317793e+05
1.568000e+03 2.086841e+06 -2.724797e+05
1.569000e+03 2.083158e+06 -2.133136e+05
1.570000e+03 2.081166e+06 -1.542808e+05
1.571000e+03 2.080855e+06 -9.538091e+04
1.572000e+03 2.082219e+06 -3.661402e+04
1.573000e+03 2.085257e+06 2.201959e+04
1.574000e+03 2.089971e+06 8.051896e+04
1.575000e+03 2.096368e+06 1.388822e+05
1.576000e+03 2.104458e+06 1.971065e+05
1.577000e+03 2.114255e+06 2.551875e+05
1.578000e+03 2.125776e+06 3.131192e+05
1.579000e+03 2.139045e+06 3.708940e+05
1.580000e+03 2.154086e+06 4.285018e+05
1.581000e+03 2.170930e+06 4.859303e+05
1.582000e+03 2.189610e+06 5.431644e+05
1.583000e+03 2.210164e+06 6.001855e+05
1.584000e+03 2.232633e+06 6.569719e+05
1.585000e+03 2.257062e+06 7.134977e+05
1.586000e+03 2.283500e+06 7.697328e+05
1.587000e+03 2.312000e+06 8.256420e+05
1.588000e+03 2.342618e+06 8.811849e+05
1.589000e+03 2.375415e+06 9.363149e+05
1.590000e+03 2.410453e+06 9.909791e+05
1.591000e+03 2.447799e+06 1.045117e+06
1.592000e+03 2.487524e+06 1.098661e+06
1.593000e+03 2.529699e+06 1.151533e+06
1.594000e+03 2.574398e+06 1.203647e+06
1.595000e+03 2.621699e+06 1.254905e+06
1.596000e+03 2.671680e+06 1.305200e+06
1.597000e+03 2.724417e+06 1.354410e+06
1.598000e+03 2.779990e+06 1.402400e+06
1.599000e+03 2.838476e+06 1.449022e+06
1.600000e+03 2.899947e+06 1.494111e+06
1.601000e+03 2.964474e+06 1.537486e+06
1.602000e+03 3.032122e+06 1.578948e+06
1.603000e+03 3.102947e+06 1.618278e+06
1.604000e+03 3.176996e+06 1.655239e+06
1.605000e+03 3.254303e+06 1.689572e+06
1.606000e+03 3.334888e+06 1.720998e+06
1.607000e+03 3.418751e+06 1.749215e+06
1.608000e+03 3.505869e+06 1.773900e+06
1.609000e+03 3.596195e+06 1.794708e+06
1.610000e+03 3.689647e+06 1.811275e+06
1.611000e+03 3.786112e+06 1.823217e+06
1.612000e+03 3.885433e+06 1.830132e+06
1.613000e+03 3.987408e+06 1.831608e+06
1.614000e+03 4.091784e+06 1.827222e+06
1.615000e+03 4.198250e+06 1.816546e+06
1.616000e+03 4.306436e+06 1.799157e+06
1.617000e+03 4.415904e+06 1.774642e+06
1.618000e+03 4.526148e+06 1.742610e+06
1.619000e+03 4.636591e+06 1.702700e+06
1.620000e+03 4.746582e+06 1.654594e+06
1.621000e+03 4.855401e+06 1.598033e+06
1.622000e+03 4.962262e+06 1.532826e+06
1.623000e+03 5.066317e+06 1.458867e+06
1.624000e+03 5.166669e+06 1.376150e+06
1.625000e+03 5.262382e+06 1.284780e+06
1.626000e+03 5.352500e+06 1.184984e+06
1.627000e+03 5.436063e+06 1.077120e+06
1.628000e+03 5.512131e+06 9.616844e+05
1.629000e+03 5.579806e+06 8.393087e+05
1.630000e+03 5.638255e+06 7.107603e+05
1.631000e+03 5.686739e+06 5.769316e+05
1.632000e+03 5.724630e+06 4.388266e+05
1.633000e+03 5.751435e+06 2.975424e+05
1.634000e+03 5.766810e+06 1.542463e+05
1.635000e+03 5.770574e+06 1.014952e+04
1.636000e+03 5.762715e+06 -1.335209e+05
1.637000e+03 5.743387e+06 -2.755511e+05
1.638000e+03 5.712905e+06 -4.147687e+05
1.639000e+03 5.671739e+06 -5.500693e+05
1.640000e+03 5.620491e+06 -6.804387e+05
1.641000e+03 5.559876e+06 -8.049723e+05
1.642000e+03 5.490706e+06 -9.228885e+05
1.643000e+03 5.413858e+06 -1.033538e+06
1.644000e+03 5.330254e+06 -1.136407e+06
1.645000e+03 5.240837e+06 -1.231116e+06
1.646000e+03 5.146550e+06 -1.317418e+06
1.647000e+03 5.048317e+06 -1.395184e+06
1.648000e+03 4.947028e+06 -1.464399e+06
1.649000e+03 4.843524e+06 -1.525144e+06
1.650000e+03 4.738588e+06 -1.577588e+06
1.651000e+03 4.632940e+06 -1.621968e+06
1.652000e+03 4.527231e+06 -1.658579e+06
1.653000e+03 4.422043e+06 -1.687762e+06
1.654000e+03 4.317889e+06 -1.709889e+06
1.655000e+03 4.215211e+06 -1.725355e+06
1.656000e+03 4.114391e+06 -1.734568e+06
1.657000e+03 4.015747e+06 -1.737939e+06
1.658000e+03 3.919545e+06 -1.735879e+06
1.659000e+03 3.825996e+06 -1.728790e+06
1.660000e+03 3.735270e+06 -1.717063e+06
1.661000e+03 3.647493e+06 -1.701074e+06
1.662000e+03 3.562757e+06 -1.681181e+06
1.663000e+03 3.481123e+06 -1.657725e+06
1.664000e+03 3.402623e+06 -1.631023e+06
1.665000e+03 3.327270e+06 -1.601376e+06
1.666000e+03 3.255055e+06 -1.569060e+06
1.667000e+03 3.185955e+06 -1.534335e+06
1.668000e+03 3.119933e+06 -1.497439e+06
1.669000e+03 3.056942e+06 -1.458590e+06
1.670000e+03 2.996926e+06 -1.417991e+06
1.671000e+03 2.939824e+06 -1.375824e+06
1.672000e+03 2.885570e+06 -1.332259e+06
1.673000e+03 2.834094e+06 -1.287446e+06
1.674000e+03 2.785326e+06 -1.241527e+06
1.675000e+03 2.739194e+06 -1.194625e+06
1.676000e+03 2.695624e+06 -1.146855e+06
1.677000e+03 2.654548e+06 -1.098319e+06
1.678000e+03 2.615893e+06 -1.049110e+06
1.679000e+03 2.579593e+06 -9.993112e+05
1.680000e+03 2.545582e+06 -9.489963e+05
1.681000e+03 2.513795e+06 -8.982327e+05
1.682000e+03 2.484174e+06 -8.470803e+05
1.683000e+03 2.456660e+06 -7.955926e+05
1.684000e+03 2.431198e+06 -7.438174e+05
1.685000e+03 2.407738e+06 -6.917974e+05
1.686000e+03 2.386232e+06 -6.395707e+05
1.687000e+03 2.366636e+06 -5.871711e+05
1.688000e+03 2.348907e+06 -5.346288e+05
1.689000e+03 2.333010e+06 -4.819708e+05
1.690000e+03 2.318909e+06 -4.292213e+05
1.691000e+03 2.306573e+06 -3.764018e+05
1.692000e+03 2.295975e+06 -3.235319e+05
1.693000e+03 2.287092e+06 -2.706291e+05
1.694000e+03 2.279902e+06 -2.177096e+05
1.695000e+03 2.274387e+06 -1.647883e+05
1.696000e+03 2.270534e+06 -1.118791e+05
1.697000e+03 2.268332e+06 -5.899528e+04
1.698000e+03 2.267772e+06 -6.149546e+03
1.699000e+03 2.268851e+06 4.664545e+04
1.700000e+03 2.271567e+06 9.937706e+04
1.701000e+03 2.275921e+06 1.520323e+05
1.702000e+03 2.281919e+06 2.045977e+05
1.703000e+03 2.289569e+06 2.570590e+05
1.704000e+03 2.298881e+06 3.094008e+05
1.705000e+03 2.309870e+06 3.616064e+05
1.706000e+03 2.322553e+06 4.136577e+05
1.707000e+03 2.336950e+06 4.655347e+05
1.708000e+03 2.353084e+06 5.172151e+05
1.709000e+03 2.370981e+06 5.686743e+05
1.710000e+03 2.390670e+06 6.198849e+05
1.711000e+03 2.412182e+06 6.708165e+05
1.712000e+03 2.435551e+06 7.214351e+05
1.713000e+03 2.460816e+06 7.717029e+05
1.714000e+03 2.488014e+06 8.215779e+05
1.715000e+03 2.517189e+06 8.710133e+05
1.716000e+03 2.548383e+06 9.199573e+05
1.717000e+03 2.581643e+06 9.683524e+05
1.718000e+03 2.617017e+06 1.016135e+06
1.719000e+03 2.654554e+06 1.063235e+06
1.720000e+03 2.694304e+06 1.109574e+06
1.721000e+03 2.736318e+06 1.155068e+06
1.722000e+03 2.780647e+06 1.199622e+06
1.723000e+03 2.827342e+06 1.243133e+06
1.724000e+03 2.876451e+06 1.285489e+06
1.725000e+03 2.928023e+06 1.326566e+06
1.726000e+03 2.982102e+06 1.366230e+06
1.727000e+03 3.038729e+06 1.404336e+06
1.728000e+03 3.097939e+06 1.440724e+06
1.729000e+03 3.159761e+06 1.475225e+06
1.730000e+03 3.224216e+06 1.507652e+06
1.731000e+03 3.291316e+06 1.537810e+06
1.732000e+03 3.361059e+06 1.565484e+06
1.733000e+03 3.433431e+06 1.590449e+06
1.734000e+03 3.508402e+06 1.612466e+06
1.735000e+03 3.585920e+06 1.631279e+06
1.736000e+03 3.665916e+06 1.646624e+06
1.737000e+03 3.748293e+06 1.658223e+06
1.738000e+03 3.832929e+06 1.665787e+06
1.739000e+03 3.919669e+06 1.669021e+06
1.740000e+03 4.008325e+06 1.667625e+06
1.741000e+03 4.098673e+06 1.661294e+06
1.742000e+03 4.190450e+06 1.649729e+06
1.743000e+03 4.283348e+06 1.632635e+06
1.744000e+03 4.377018e+06 1.609729e+06
1.745000e+03 4.471061e+06 1.580750e+06
1.746000e+03 4.565037e+06 1.545457e+06
1.747000e+03 4.658454e+06 1.503646e+06
1.748000e+03 4.750780e+06 1.455153e+06
1.749000e+03 4.841440e+06 1.399861e+06
1.750000e+03 4.929819e+06 1.337712e+06
1.751000e+03 5.015275e+06 1.268714e+06
1.752000e+03 5.097141e+06 1.192947e+06
1.753000e+03 5.174735e+06 1.110570e+06
1.754000e+03 5.247375e+06 1.021829e+06
1.755000e+03 5.314386e+06 9.270550e+05
1.756000e+03 5.375119e+06 8.266698e+05
1.757000e+03 5.428962e+06 7.211829e+05
1.758000e+03 5.475354e+06 6.111878e+05
1.759000e+03 5.513801e+06 4.973551e+05
1.760000e+03 5.543888e+06 3.804238e+05
1.761000e+03 5.565291e+06 2.611887e+05
1.762000e+03 5.577782e+06 1.404869e+05
1.763000e+03 5.581242e+06 1.918165e+04
1.764000e+03 5.575657e+06 -1.018538e+05
1.765000e+03 5.561127e+06 -2.217536e+05
1.766000e+03 5.537852e+06 -3.396761e+05
1.767000e+03 5.506137e+06 -4.548193e+05
1.768000e+03 5.466374e+06 -5.664355e+05
1.769000e+03 5.419038e+06 -6.738425e+05
1.770000e+03 5.364670e+06 -7.764339e+05
1.771000e+03 5.303865e+06 -8.736857e+05
1.772000e+03 5.237257e+06 -9.651604e+05
1.773000e+03 5.165508e+06 -1.050508e+06
1.774000e+03 5.089287e+06 -1.129467e+06
1.775000e+03 5.009269e+06 -1.201858e+06
1.776000e+03 4.926111e+06 -1.267583e+06
1.777000e+03 4.840454e+06 -1.326614e+06
1.778000e+03 4.752907e+06 -1.378992e+06
1.779000e+03 4.664044e+06 -1.424813e+06
1.780000e+03 4.574400e+06 -1.464225e+06
1.781000e+03 4.484465e+06 -1.497415e+06
1.782000e+03 4.394688e+06 -1.524607e+06
1.783000e+03 4.305470e+06 -1.546048e+06
1.784000e+03 4.217167e+06 -1.562007e+06
1.785000e+03 4.130094e+06 -1.572767e+06
1.786000e+03 4.044521e+06 -1.578615e+06
1.787000e+03 3.960683e+06 -1.579847e+06
1.788000e+03 3.878775e+06 -1.576753e+06
1.789000e+03 3.798961e+06 -1.569622e+06
1.790000e+03 3.721372e+06 -1.558735e+06
1.791000e+03 3.646115e+06 -1.544366e+06
1.792000e+03 3.573270e+06 -1.526776e+06
1.793000e+03 3.502895e+06 -1.506216e+06
1.794000e+03 3.435031e+06 -1.482924e+06
1.795000e+03 3.369700e+06 -1.457124e+06
1.796000e+03 3.306912e+06 -1.429028e+06
1.797000e+03 3.246664e+06 -1.398834e+06
1.798000e+03 3.188941e+06 -1.366729e+06
1.799000e+03 3.133722e+06 -1.332884e+06
1.800000e+03 3.080979e+06 -1.297460e+06
1.801000e+03 3.030677e+06 -1.260606e+06
1.802000e+03 2.982776e+06 -1.222458e+06
1.803000e+03 2.937236e+06 -1.183143e+06
1.804000e+03 2.894011e+06 -1.142778e+06
1.805000e+03 2.853055e+06 -1.101470e+06
1.806000e+03 2.814321e+06 -1.059318e+06
1.807000e+03 2.777763e+06 -1.016411e+06
1.808000e+03 2.743332e+06 -9.728318e+05
1.809000e+03 2.710983e+06 -9.286565e+05
1.810000e+03 2.680670e+06 -8.839540e+05
1.811000e+03 2.652348e+06 -8.387874e+05
1.812000e+03 2.625976e+06 -7.932147e+05
1.813000e+03 2.601512e+06 -7.472886e+05
1.814000e+03 2.578917e+06 -7.010577e+05
1.815000e+03 2.558155e+06 -6.545662e+05
1.816000e+03 2.539191e+06 -6.078548e+05
1.817000e+03 2.521993e+06 -5.609610e+05
1.818000e+03 2.506530e+06 -5.139193e+05
1.819000e+03 2.492775e+06 -4.667617e+05
1.820000e+03 2.480703e+06 -4.195180e+05
1.821000e+03 2.470290e+06 -3.722160e+05
1.822000e+03 2.461516e+06 -3.248818e+05
1.823000e+03 2.454364e+06 -2.775404e+05
1.824000e+03 2.448818e+06 -2.302154e+05
1.825000e+03 2.444863e+06 -1.829297e+05
1.826000e+03 2.442491e+06 -1.357057e+05
1.827000e+03 2.441691e+06 -8.856540e+04
1.828000e+03 2.442459e+06 -4.153059e+04
1.829000e+03 2.444790e+06 5.376704e+03
1.830000e+03 2.448682e+06 5.213411e+04
1.831000e+03 2.454136e+06 9.871868e+04
1.832000e+03 2.461155e+06 1.451066e+05
1.833000e+03 2.469744e+06 1.912732e+05
1.834000e+03 2.479909e+06 2.371922e+05
1.835000e+03 2.491660e+06 2.828360e+05
1.836000e+03 2.505006e+06 3.281753e+05
1.837000e+03 2.519961e+06 3.731787e+05
1.838000e+03 2.536537e+06 4.178124e+05
1.839000e+03 2.554752e+06 4.620403e+05
1.840000e+03 2.574621e+06 5.058233e+05
1.841000e+03 2.596163e+06 5.491194e+05
1.842000e+03 2.619398e+06 5.918831e+05
1.843000e+03 2.644344e+06 6.340653e+05
1.844000e+03 2.671024e+06 6.756130e+05
1.845000e+03 2.699457e+06 7.164688e+05
1.846000e+03 2.729665e+06 7.565708e+05
1.847000e+03 2.761669e+06 7.958522e+05
1.848000e+03 2.795489e+06 8.342411e+05
1.849000e+03 2.831143e+06 8.716601e+05
1.850000e+03 2.868649e+06 9.080257e+05
1.851000e+03 2.908022e+06 9.432487e+05
1.852000e+03 2.949274e+06 9.772334e+05
1.853000e+03 2.992414e+06 1.009877e+06
1.854000e+03 3.037447e+06 1.041072e+06
1.855000e+03 3.084372e+06 1.070700e+06
1.856000e+03 3.133182e+06 1.098640e+06
1.857000e+03 3.183864e+06 1.124760e+06
1.858000e+03 3.236398e+06 1.148924e+06
1.859000e+03 3.290751e+06 1.170988e+06
1.860000e+03 3.346884e+06 1.190802e+06
1.861000e+03 3.404744e+06 1.208208e+06
1.862000e+03 3.464265e+06 1.223045e+06
1.863000e+03 3.525367e+06 1.235145e+06
1.864000e+03 3.587954e+06 1.244339e+06
1.865000e+03 3.651913e+06 1.250454e+06
1.866000e+03 3.717114e+06 1.253315e+06
1.867000e+03 3.783403e+06 1.252750e+06
1.868000e+03 3.850609e+06 1.248588e+06
1.869000e+03 3.918538e+06 1.240666e+06
1.870000e+03 3.986971e+06 1.228825e+06
1.871000e+03 4.055669e+06 1.212920e+06
1.872000e+03 4.124367e+06 1.192818e+06
1.873000e+03 4.192777e+06 1.168405e+06
1.874000e+03 4.260591e+06 1.139586e+06
1.875000e+03 4.327477e+06 1.106293e+06
1.876000e+03 4.393084e+06 1.068484e+06
1.877000e+03 4.457047e+06 1.026151e+06
1.878000e+03 4.518984e+06 9.793213e+05
1.879000e+03 4.578506e+06 9.280591e+05
1.880000e+03 4.635217e+06 8.724715e+05
1.881000e+03 4.688723e+06 8.127085e+05
1.882000e+03 4.738635e+06 7.489651e+05
1.883000e+03 4.784576e+06 6.814811e+05
1.884000e+03 4.826186e+06 6.105415e+05
1.885000e+03 4.863132e+06 5.364743e+05
1.886000e+03 4.895110e+06 4.596483e+05
1.887000e+03 4.921854e+06 3.804693e+05
1.888000e+03 4.943140e+06 2.993754e+05
1.889000e+03 4.958791e+06 2.168315e+05
1.890000e+03 4.968681e+06 1.333227e+05
1.891000e+03 4.972736e+06 4.934732e+04
1.892000e+03 4.970941e+06 -3.459044e+04
1.893000e+03 4.963334e+06 -1.179882e+05
1.894000e+03 4.950006e+06 -2.003530e+05
1.895000e+03 4.931102e+06 -2.812083e+05
1.896000e+03 4.906817e+06 -3.601011e+05
1.897000e+03 4.877389e+06 -4.366074e+05
1.898000e+03 4.843096e+06 -5.103379e+05
1.899000e+03 4.804251e+06 -5.809415e+05
1.900000e+03 4.761192e+06 -6.481088e+05
1.901000e+03 4.714283e+06 -7.115740e+05
1.902000e+03 4.663898e+06 -7.711158e+05
1.903000e+03 4.610425e+06 -8.265574e+05
1.904000e+03 4.554251e+06 -8.777654e+05
1.905000e+03 4.495763e+06 -9.246485e+05
1.906000e+03 4.435343e+06 -9.671547e+05
1.907000e+03 4.373357e+06 -1.005269e+06
1.908000e+03 4.310161e+06 -1.039009e+06
1.909000e+03 4.246093e+06 -1.068423e+06
1.910000e+03 4.181469e+06 -1.093586e+06
1.911000e+03 4.116585e+06 -1.114594e+06
1.912000e+03 4.051718e+06 -1.131564e+06
1.913000e+03 3.987117e+06 -1.144628e+06
1.914000e+03 3.923012e+06 -1.153930e+06
1.915000e+03 3.859610e+06 -1.159625e+06
1.916000e+03 3.797094e+06 -1.161874e+06
1.917000e+03 3.735630e+06 -1.160842e+06
1.918000e+03 3.675360e+06 -1.156696e+06
1.919000e+03 3.616410e+06 -1.149606e+06
1.920000e+03 3.558887e+06 -1.139737e+06
1.921000e+03 3.502882e+06 -1.127254e+06
1.922000e+03 3.448472e+06 -1.112318e+06
1.923000e+03 3.395719e+06 -1.095085e+06
1.924000e+03 3.344675e+06 -1.075706e+06
1.925000e+03 3.295379e+06 -1.054325e+06
1.926000e+03 3.247862e+06 -1.031083e+06
1.927000e+03 3.202144e+06 -1.006112e+06
1.928000e+03 3.158239e+06 -9.795364e+05
1.929000e+03 3.116156e+06 -9.514775e+05
1.930000e+03 3.075896e+06 -9.220475e+05
1.931000e+03 3.037455e+06 -8.913532e+05
1.932000e+03 3.000827e+06 -8.594948e+05
1.933000e+03 2.966001e+06 -8.265664e+05
1.934000e+03 2.932965e+06 -7.926565e+05
1.935000e+03 2.901703e+06 -7.578478e+05
1.936000e+03 2.872198e+06 -7.222180e+05
1.937000e+03 2.844432e+06 -6.858395e+05
1.938000e+03 2.818386e+06 -6.487801e+05
1.939000e+03 2.794041e+06 -6.111033e+05
1.940000e+03 2.771378e+06 -5.728683e+05
1.941000e+03 2.750377e+06 -5.341307e+05
1.942000e+03 2.731019e+06 -4.949423e+05
1.943000e+03 2.713286e+06 -4.553520e+05
1.944000e+03 2.697160e+06 -4.154055e+05
1.945000e+03 2.682624e+06 -3.751459e+05
1.946000e+03 2.669664e+06 -3.346139e+05
1.947000e+03 2.658263e+06 -2.938480e+05
1.948000e+03 2.648409e+06 -2.528850e+05
1.949000e+03 2.640091e+06 -2.117598e+05
1.950000e+03 2.633296e+06 -1.705059e+05
1.951000e+03 2.628016e+06 -1.291560e+05
1.952000e+03 2.624244e+06 -8.774127e+04
1.953000e+03 2.621972e+06 -4.629263e+04
1.954000e+03 2.621197e+06 -4.840262e+03
1.955000e+03 2.621914e+06 3.658587e+04
1.956000e+03 2.624122e+06 7.795588e+04
1.957000e+03 2.627821e+06 1.192398e+05
1.958000e+03 2.633011e+06 1.604071e+05
1.959000e+03 2.639696e+06 2.014271e+05
1.960000e+03 2.647878e+06 2.422678e+05
1.961000e+03 2.657564e+06 2.828968e+05
1.962000e+03 2.668759e+06 3.232800e+05
1.963000e+03 2.681472e+06 3.633822e+05
1.964000e+03 2.695710e+06 4.031665e+05
1.965000e+03 2.711484e+06 4.425939e+05
1.966000e+03 2.728804e+06 4.816237e+05
1.967000e+03 2.747680e+06 5.202127e+05
1.968000e+03 2.768126e+06 5.583152e+05
1.969000e+03 2.790153e+06 5.958827e+05
1.970000e+03 2.813773e+06 6.328637e+05
1.971000e+03 2.838998e+06 6.692036e+05
1.972000e+03 2.865840e+06 7.048441e+05
1.973000e+03 2.894311e+06 7.397236e+05
1.974000e+03 2.924421e+06 7.737762e+05
1.975000e+03 2.956178e+06 8.069322e+05
1.976000e+03 2.989591e+06 8.391173e+05
1.977000e+03 3.024664e+06 8.702531e+05
1.978000e+03 3.061399e+06 9.002561e+05
1.979000e+03 3.099798e+06 9.290382e+05
1.980000e+03 3.139854e+06 9.565066e+05
1.981000e+03 3.181560e+06 9.825632e+05
1.982000e+03 3.224902e+06 1.007105e+06
1.983000e+03 3.269861e+06 1.030024e+06
1.984000e+03 3.316411e+06 1.051208e+06
1.985000e+03 3.364519e+06 1.070540e+06
1.986000e+03 3.414143e+06 1.087897e+06
1.987000e+03 3.465233e+06 1.103153e+06
1.988000e+03 3.517728e+06 1.116181e+06
1.989000e+03 3.571558e+06 1.126847e+06
1.990000e+03 3.626639e+06 1.135017e+06
1.991000e+03 3.682874e+06 1.140557e+06
1.992000e+03 3.740154e+06 1.143329e+06
1.993000e+03 3.798354e+06 1.143201e+06
1.994000e+03 3.857334e+06 1.140040e+06
1.995000e+03 3.916938e+06 1.133719e+06
1.996000e+03 3.976995e+06 1.124117e+06
1.997000e+03 4.037313e+06 1.111119e+06
1.998000e+03 4.097687e+06 1.094622e+06
1.999000e+03 4.157894e+06 1.074536e+06
